CI_2.5,median,CI_97.5,position,model_no,true_age
-0.017570353668428174,0.012374776900204833,0.038096464830325534,0,model_209,0
-0.01590585568323089,0.014073048001694686,0.03974143027836161,0.01936936936936937,model_209,0.001936936936936937
-0.014064334625601286,0.015484000160899541,0.04138169247709532,0.03873873873873874,model_209,0.0038738738738738738
-0.012398069497799579,0.01743527082997961,0.04331464005692139,0.05810810810810811,model_209,0.005810810810810811
-0.010449139759271583,0.019368159182494137,0.045247587636747466,0.07747747747747748,model_209,0.0077477477477477475
-0.008500210020743587,0.021317489282355606,0.047180535216573546,0.09684684684684684,model_209,0.009684684684684685
-0.006551280282215589,0.023240055121538615,0.04911348279639961,0.11621621621621622,model_209,0.011621621621621623
-0.0046023505436875965,0.02519128782065832,0.05104643037622569,0.1355855855855856,model_209,0.013558558558558557
-0.0026534208051595953,0.027151339158884895,0.05297937795605176,0.15495495495495495,model_209,0.015495495495495495
-7.044910666316045e-4,0.029106405040398117,0.05491232553587784,0.17432432432432432,model_209,0.01743243243243243
0.0012444386718963932,0.031034469564522077,0.056845273115703907,0.19369369369369369,model_209,0.01936936936936937
0.0031933684104243874,0.03297833456182671,0.05877822069552999,0.21306306306306305,model_209,0.021306306306306307
0.005142298148952385,0.03494385394136415,0.06071116827535607,0.23243243243243245,model_209,0.023243243243243245
0.007085062520493089,0.03690124377969418,0.06264411585518213,0.2518018018018018,model_209,0.02518018018018018
0.009007734988319853,0.03885480066600102,0.06457706343500821,0.2711711711711712,model_209,0.027117117117117114
0.010930407456146613,0.04078259304729845,0.06651001101483428,0.2905405405405405,model_209,0.029054054054054056
0.012853079923973373,0.04268830884567643,0.06844295859466035,0.3099099099099099,model_209,0.03099099099099099
0.01477575239180014,0.04461121807928288,0.07037590617448644,0.3292792792792793,model_209,0.03292792792792793
0.016698424859626897,0.04657911965574385,0.07230885375431251,0.34864864864864864,model_209,0.03486486486486487
0.01862109732745366,0.048547021232204834,0.07424180133413857,0.36801801801801803,model_209,0.0368018018018018
0.020543769795280418,0.05051264606503841,0.07617474891396464,0.38738738738738737,model_209,0.03873873873873874
0.02246644226310718,0.05243744875165805,0.07810769649379073,0.40675675675675677,model_209,0.04067567567567568
0.02438911473093394,0.0543622514382777,0.0800406440736168,0.4261261261261261,model_209,0.04261261261261261
0.0263222608834954,0.056287054124897345,0.08197359165344287,0.4454954954954955,model_209,0.044549549549549546
0.028296946620812943,0.05822026209221173,0.0838989652822693,0.4648648648648649,model_209,0.04648648648648649
0.030269000470069616,0.06015835466607697,0.08581115137215736,0.48423423423423423,model_209,0.04842342342342343
0.03220030898477616,0.062106919925825815,0.0877377178495917,0.5036036036036036,model_209,0.05036036036036036
0.03412455557149645,0.06405629433415519,0.08968078513001179,0.522972972972973,model_209,0.05229729729729729
0.036048802158216736,0.06597589224521502,0.09162385241043189,0.5423423423423424,model_209,0.05423423423423423
0.037973048744937024,0.0679107249615379,0.09354886269181029,0.5617117117117117,model_209,0.05617117117117117
0.039897295331657284,0.06984881753540312,0.09544975777802231,0.581081081081081,model_209,0.05810810810810811
0.041821541918377586,0.07178691010926835,0.09735065286423436,0.6004504504504504,model_209,0.06004504504504504
0.04374578850509786,0.07372500268313359,0.09925154795044638,0.6198198198198198,model_209,0.06198198198198198
0.04567003509181815,0.07566309525699882,0.10115244303665843,0.6391891891891892,model_209,0.06391891891891892
0.04759428167853842,0.07763550211701396,0.10305742296119025,0.6585585585585586,model_209,0.06585585585585586
0.04951852826525871,0.07956333556771672,0.10502185138017026,0.6779279279279279,model_209,0.0677927927927928
0.051442774851979,0.08148896336216423,0.10698627979915029,0.6972972972972973,model_209,0.06972972972972974
0.053367021438699286,0.08341546555245975,0.10895070821813033,0.7166666666666667,model_209,0.07166666666666667
0.05529126802541956,0.08537641545985929,0.11091513663711035,0.7360360360360361,model_209,0.0736036036036036
0.057215514612139834,0.08733969483074232,0.11287956505609037,0.7554054054054054,model_209,0.07554054054054053
0.05913976119886012,0.08930297420162536,0.11483370051048612,0.7747747747747747,model_209,0.07747747747747748
0.06106400778558041,0.0912581630879077,0.1167666480903122,0.7941441441441441,model_209,0.07941441441441441
0.06298825437230068,0.09322009240622527,0.11869959567013828,0.8135135135135135,model_209,0.08135135135135135
0.06491250095902097,0.09518202172454283,0.12062944759307072,0.8328828828828829,model_209,0.0832882882882883
0.06686241050629456,0.09714395104286039,0.12255657323086785,0.8522522522522522,model_209,0.08522522522522523
0.06884480325407363,0.09910588036117796,0.124483698868665,0.8716216216216216,model_209,0.08716216216216216
0.07082719600185272,0.10106780967949552,0.12641082450646213,0.890990990990991,model_209,0.08909909909909909
0.07280958874963181,0.10302305843773996,0.1283379501442593,0.9103603603603604,model_209,0.09103603603603604
0.07479198149741088,0.10494419252681031,0.13026507578205643,0.9297297297297298,model_209,0.09297297297297297
0.07677437424518996,0.10686532661588065,0.1321922014198536,0.9490990990990991,model_209,0.09490990990990991
0.07875676699296903,0.10878646070495099,0.13412312941785645,0.9684684684684685,model_209,0.09684684684684686
0.08073915974074812,0.11071592030753691,0.13606695045574374,0.9878378378378379,model_209,0.09878378378378379
0.0827215524885272,0.1126336995527883,0.13801077149363106,1.0072072072072071,model_209,0.10072072072072072
0.08470394523630628,0.11455508702120462,0.13995459253151837,1.0265765765765766,model_209,0.10265765765765765
0.08668633798408536,0.11648020327021082,0.14189496662805118,1.045945945945946,model_209,0.10459459459459458
0.08866873073186443,0.11842637622323145,0.14382791420787722,1.0653153153153152,model_209,0.10653153153153151
0.09065112347964352,0.12037254917625209,0.1457608617877033,1.0846846846846847,model_209,0.10846846846846846
0.0926335162274226,0.1223187221292727,0.14769380936752938,1.104054054054054,model_209,0.11040540540540539
0.09461590897520168,0.12426489508229334,0.14962675694735547,1.1234234234234235,model_209,0.11234234234234235
0.09659830172298076,0.12621106803531396,0.15155970452718154,1.1427927927927928,model_209,0.11427927927927929
0.09858069447075983,0.1281572409883346,0.1534926521070076,1.162162162162162,model_209,0.11621621621621622
0.10056308721853893,0.1300993750069245,0.15542559968683367,1.1815315315315316,model_209,0.11815315315315315
0.10254494194612171,0.13204958689437582,0.15735854726665977,1.2009009009009008,model_209,0.12009009009009008
0.1044977557947869,0.13398958203602268,0.15929149484648583,1.2202702702702704,model_209,0.12202702702702703
0.10645056964345204,0.1359125745043401,0.1612244424263119,1.2396396396396396,model_209,0.12396396396396396
0.10840338349211717,0.13783556697265753,0.16315739000613796,1.259009009009009,model_209,0.1259009009009009
0.11035619734078236,0.139758559440975,0.16509033758596406,1.2783783783783784,model_209,0.12783783783783784
0.1123090111894475,0.14168155190929244,0.16702328516579013,1.2977477477477477,model_209,0.12977477477477478
0.11426182503811269,0.14362471588855374,0.16895623274561622,1.3171171171171172,model_209,0.13171171171171173
0.11621463888677783,0.14558473895392743,0.17088918032544229,1.3364864864864865,model_209,0.13364864864864864
0.11816745273544296,0.14754356067839935,0.17282212790526832,1.3558558558558558,model_209,0.1355855855855856
0.1201202665841081,0.1494896343685667,0.17475507548509442,1.3752252252252253,model_209,0.13752252252252253
0.12207308043277326,0.151420765984926,0.17668802306492049,1.3945945945945946,model_209,0.13945945945945948
0.12402589428143843,0.15335189760128531,0.17862097064474655,1.413963963963964,model_209,0.1413963963963964
0.1259787081301036,0.15528627578250262,0.18055391822457265,1.4333333333333333,model_209,0.14333333333333334
0.12793152197876873,0.15725480175730847,0.1824868658043987,1.4527027027027026,model_209,0.14527027027027026
0.1298843358274339,0.15920682257727836,0.1844198133842248,1.4720720720720721,model_209,0.1472072072072072
0.13183714967609905,0.1611165165546563,0.18635276096405087,1.4914414414414414,model_209,0.14914414414414415
0.1337899635247642,0.16302595374607254,0.1882857085438769,1.5108108108108107,model_209,0.15108108108108106
0.13574277737342935,0.16494744479335255,0.190218656123703,1.5301801801801802,model_209,0.153018018018018
0.13769559122209452,0.16689958184519124,0.19215160370352907,1.5495495495495495,model_209,0.15495495495495495
0.13964840507075965,0.16885171889703,0.19408455128335517,1.568918918918919,model_209,0.1568918918918919
0.1416012189194248,0.1708007907407552,0.19601749886318123,1.5882882882882883,model_209,0.15882882882882882
0.14355403276808992,0.17274656509821748,0.1979504464430073,1.6076576576576576,model_209,0.16076576576576576
0.14550684661675511,0.17469233945567986,0.1998833940228334,1.627027027027027,model_209,0.1627027027027027
0.14745966046542025,0.17663811381314218,0.20181634160265946,1.6463963963963963,model_209,0.16463963963963965
0.14941247431408544,0.17858388817060455,0.20374928918248553,1.6657657657657658,model_209,0.1665765765765766
0.15136528816275058,0.18052966252806688,0.2056822367623116,1.6851351351351351,model_209,0.16851351351351354
0.1533181020114157,0.18246836311661482,0.20761518434213766,1.7045045045045044,model_209,0.17045045045045046
0.1552709158600809,0.1844055418493819,0.20954813192196378,1.723873873873874,model_209,0.17238738738738738
0.15722372970874604,0.18634272058214893,0.21148107950178982,1.7432432432432432,model_209,0.17432432432432432
0.1591765435574112,0.18827989931491598,0.21341402708161591,1.7626126126126127,model_209,0.17626126126126127
0.16112935740607637,0.19021707804768304,0.21534697466144198,1.781981981981982,model_209,0.17819819819819818
0.1630821712547415,0.19215425678045006,0.21727992224126805,1.8013513513513513,model_209,0.18013513513513513
0.1650179308182221,0.1940914355132171,0.21921286982109411,1.8207207207207208,model_209,0.18207207207207207
0.16694389556495073,0.19602861424598414,0.22114581740092018,1.84009009009009,model_209,0.184009009009009
0.16886986031167936,0.1979657929787512,0.22307876498074627,1.8594594594594596,model_209,0.18594594594594593
0.17079582505840796,0.19990297171151822,0.22501171256057237,1.8788288288288288,model_209,0.1878828828828829
0.17272178980513656,0.20184015044428527,0.2269446601403984,1.8981981981981981,model_209,0.18981981981981982
0.17466939008232202,0.2037773291770523,0.2288776077202245,1.9175675675675676,model_209,0.19175675675675677
0.176637291658783,0.20571450790981932,0.23081055530005057,1.936936936936937,model_209,0.1936936936936937
0.17859704487794403,0.20765168664258637,0.23274350287987663,1.9563063063063062,model_209,0.19563063063063063
0.18054597461647204,0.20958886537535346,0.23467645045970273,1.9756756756756757,model_209,0.19756756756756758
0.18249490435500004,0.21152604410812045,0.23660939803952877,1.995045045045045,model_209,0.19950450450450452
0.184443834093528,0.2134632228408875,0.2385423456193549,2.0144144144144143,model_209,0.20144144144144144
0.186392763832056,0.21540040157365456,0.24047529319918096,2.0337837837837838,model_209,0.20337837837837838
0.188341693570584,0.2173375803064216,0.24240824077900705,2.0531531531531533,model_209,0.20531531531531533
0.19029062330911195,0.21927475903918864,0.2443411883588331,2.0725225225225223,model_209,0.20725225225225224
0.19223955304763995,0.2212119377719557,0.24627413593865918,2.091891891891892,model_209,0.2091891891891892
0.19418848278616802,0.22314911650472272,0.24820708351848525,2.1112612612612613,model_209,0.21112612612612613
0.19613741252469596,0.22508629523748974,0.2501400310983113,2.1306306306306304,model_209,0.21306306306306305
0.1980771462619767,0.2270234739702568,0.2520729786781374,2.15,model_209,0.215
0.20000311100870535,0.22896065270302385,0.2540059262579635,2.1693693693693694,model_209,0.21693693693693694
0.20192907575543395,0.2308978314357909,0.25593887383778957,2.188738738738739,model_209,0.2188738738738739
0.20385504050216252,0.23283501016855793,0.2578718214176156,2.208108108108108,model_209,0.2208108108108108
0.20578100524889115,0.23477218890132495,0.2598047689974417,2.2274774774774775,model_209,0.22274774774774775
0.20770696999561977,0.23669209978852196,0.26173771657726774,2.246846846846847,model_209,0.2246846846846847
0.20963293474234834,0.23860610805947,0.26367066415709384,2.266216216216216,model_209,0.2266216216216216
0.21155889948907697,0.2405472901970311,0.26560361173691993,2.2855855855855856,model_209,0.22855855855855858
0.2134848642358056,0.24248847233459223,0.267536559316746,2.304954954954955,model_209,0.23049549549549553
0.2154108289825342,0.2444296544721533,0.26946950689657206,2.324324324324324,model_209,0.23243243243243242
0.2173367937292628,0.24637083660971443,0.2714024544763981,2.3436936936936936,model_209,0.23436936936936936
0.21926275847599141,0.24833244003069427,0.2733354020562242,2.363063063063063,model_209,0.2363063063063063
0.22118872322272004,0.2502696187634613,0.2752683496360503,2.3824324324324326,model_209,0.23824324324324325
0.2231146879694486,0.2522067974962283,0.2772012972158764,2.4018018018018017,model_209,0.24018018018018017
0.22504533407912744,0.25414397622899537,0.2791342447957024,2.421171171171171,model_209,0.24211711711711711
0.22699309741521803,0.2560811549617624,0.2810671923755285,2.4405405405405407,model_209,0.24405405405405406
0.22894086075130857,0.2580216243388294,0.28300013995535456,2.4599099099099098,model_209,0.24599099099099098
0.23088862408739916,0.25997343987809024,0.28493308753518065,2.4792792792792793,model_209,0.24792792792792792
0.23283638742348972,0.2619184507170667,0.28686603511500675,2.4986486486486488,model_209,0.24986486486486487
0.2347841507595803,0.2638634615560432,0.2887989826948328,2.518018018018018,model_209,0.2518018018018018
0.23673191409567085,0.26581532931335705,0.2907319302746589,2.5373873873873873,model_209,0.25373873873873876
0.2386796774317615,0.26777942828181905,0.292664877854485,2.556756756756757,model_209,0.2556756756756757
0.24062744076785203,0.26971476336296196,0.294597825434311,2.576126126126126,model_209,0.2576126126126126
0.24257520410394262,0.2716329780827058,0.2965307730141371,2.5954954954954954,model_209,0.25954954954954956
0.2445229674400332,0.27355119280244966,0.29846372059396314,2.614864864864865,model_209,0.2614864864864865
0.24647073077612375,0.27551914538863487,0.3003966681737893,2.6342342342342344,model_209,0.26342342342342345
0.24841849411221434,0.2774939130175241,0.3023296157536153,2.6536036036036035,model_209,0.26536036036036037
0.25036625744830493,0.27946562781685175,0.3042625633334414,2.672972972972973,model_209,0.2672972972972973
0.2523140207843955,0.2814249623397642,0.3061955109132675,2.6923423423423425,model_209,0.26923423423423426
0.2542617841204861,0.2833842968626766,0.3081284584930935,2.7117117117117115,model_209,0.2711711711711712
0.2561959221593273,0.28531098454036063,0.31006140607291965,2.731081081081081,model_209,0.27310810810810815
0.25812659732160625,0.28723661233480813,0.3119943536527457,2.7504504504504506,model_209,0.27504504504504507
0.26005727248388516,0.2891622401292556,0.31392730123257173,2.7698198198198196,model_209,0.276981981981982
0.2619879476461642,0.29109361330171346,0.3158602488123978,2.789189189189189,model_209,0.27891891891891896
0.26391862280844314,0.2930386241406899,0.3177931963922239,2.8085585585585586,model_209,0.2808558558558559
0.26584929797072204,0.29498363497966634,0.31972614397204996,2.827927927927928,model_209,0.2827927927927928
0.267779973133001,0.29692864581864276,0.32165909155187605,2.847297297297297,model_209,0.2847297297297297
0.26971064829527996,0.2988736566576192,0.32359203913170215,2.8666666666666667,model_209,0.2866666666666666
0.2716413234575589,0.3008186674965957,0.32552498671152824,2.886036036036036,model_209,0.2886036036036036
0.2735719986198379,0.30276367833557216,0.3274579342913543,2.9054054054054053,model_209,0.2905405405405405
0.27550267378211685,0.3046870159746879,0.3293908818711803,2.9247747747747748,model_209,0.29247747747747743
0.2774333489443958,0.3066103298675713,0.33132382945100647,2.9441441441441443,model_209,0.2944144144144144
0.27936402410667477,0.30856483392363626,0.33325677703083245,2.9635135135135133,model_209,0.2963513513513513
0.28129469926895373,0.31053064198379754,0.3351897246106586,2.982882882882883,model_209,0.29828828828828824
0.2832253744312327,0.3124964500439589,0.3371226721904847,3.0022522522522523,model_209,0.3002252252252252
0.28515604959351165,0.3144622581041202,0.3390556197703107,3.0216216216216214,model_209,0.30216216216216213
0.2870867247557906,0.3163990723238216,0.34098856735013683,3.040990990990991,model_209,0.3040990990990991
0.2890173999180695,0.31833014369935275,0.34292151492996287,3.0603603603603604,model_209,0.306036036036036
0.29094807508034853,0.3202612150748839,0.34485446250978896,3.07972972972973,model_209,0.307972972972973
0.29287875024262744,0.3222387575115403,0.346787410089615,3.099099099099099,model_209,0.3099099099099099
0.2948094254049064,0.3242199049316992,0.3487203576694411,3.1184684684684685,model_209,0.3118468468468468
0.2967401005671854,0.32614991233540414,0.3506533052492672,3.137837837837838,model_209,0.3137837837837838
0.2986707757294643,0.3280758584602363,0.3525862528290932,3.157207207207207,model_209,0.3157207207207207
0.3006014508917433,0.32999383008124245,0.3545192004089193,3.1765765765765765,model_209,0.31765765765765763
0.3025321260540223,0.3319426947624138,0.3564521479887454,3.195945945945946,model_209,0.3195945945945946
0.3044628012163012,0.33390557769299234,0.35838509556857145,3.215315315315315,model_209,0.3215315315315315
0.30639347637858017,0.335868460623571,0.3603180431483975,3.2346846846846846,model_209,0.32346846846846844
0.3083241515408591,0.3378313435541496,0.36225099072822364,3.254054054054054,model_209,0.3254054054054054
0.3102548267031381,0.33979422648472835,0.3641839383080497,3.2734234234234236,model_209,0.3273423423423424
0.312185501865417,0.3417314013963547,0.3661168858878758,3.2927927927927927,model_209,0.3292792792792793
0.314116177027696,0.3436628390102191,0.36804983346770187,3.312162162162162,model_209,0.3312162162162162
0.31604685218997497,0.3455942766240836,0.3699827810475279,3.3315315315315317,model_209,0.3331531531531532
0.3179775273522539,0.34754453248655603,0.371915728627354,3.3509009009009008,model_209,0.3350900900900901
0.3199082025145329,0.34949551876566626,0.37384867620718004,3.3702702702702703,model_209,0.337027027027027
0.32183887767681185,0.3514465050447765,0.37578162378700614,3.3896396396396398,model_209,0.338963963963964
0.32376955283909076,0.35339749132388665,0.3777145713668322,3.409009009009009,model_209,0.3409009009009009
0.3257002280013698,0.355338941351614,0.37964751894665827,3.4283783783783783,model_209,0.34283783783783783
0.32763090316364873,0.35728878894731864,0.38158046652648436,3.447747747747748,model_209,0.34477477477477475
0.32956157832592764,0.3592393419519831,0.3835134141063104,3.467117117117117,model_209,0.34671171171171167
0.3314922534882066,0.3611898949566476,0.3854463616861365,3.4864864864864864,model_209,0.3486486486486486
0.33342292865048556,0.36313067710994323,0.3873793092659626,3.505855855855856,model_209,0.35058558558558556
0.3353536038127645,0.3650566418566719,0.3893122568457887,3.5252252252252254,model_209,0.35252252252252253
0.3372842789750435,0.3669826066034005,0.39124520442561467,3.5445945945945945,model_209,0.35445945945945945
0.33921495413732244,0.36890857135012906,0.3931781520054408,3.563963963963964,model_209,0.35639639639639636
0.3411456292996014,0.37083521701332134,0.3951110995852669,3.5833333333333335,model_209,0.35833333333333334
0.34307630446188037,0.372783758528317,0.39704404716509295,3.6027027027027025,model_209,0.36027027027027025
0.3450069796241593,0.3747323000433127,0.39897699474491904,3.622072072072072,model_209,0.36220720720720717
0.3469376547864383,0.37668084155830844,0.4009099423247451,3.6414414414414416,model_209,0.36414414414414414
0.34886832994871725,0.37862938307330407,0.4028428899045712,3.6608108108108106,model_209,0.36608108108108106
0.3507990051109962,0.38057792458829975,0.4047758374843972,3.68018018018018,model_209,0.368018018018018
0.3527296802732751,0.3825264661032955,0.4067087850642233,3.6995495495495496,model_209,0.36995495495495495
0.35466035543555413,0.3844613335883906,0.4086417326440494,3.718918918918919,model_209,0.37189189189189187
0.35659103059783304,0.3863991444115594,0.41057468022387544,3.738288288288288,model_209,0.3738288288288288
0.358521705760112,0.3883441552505359,0.41250762780370154,3.7576576576576577,model_209,0.3757657657657658
0.360452380922391,0.39028916608951236,0.41444057538352763,3.777027027027027,model_209,0.37770270270270273
0.3623830560846699,0.39220533029748883,0.41637352296335367,3.7963963963963963,model_209,0.37963963963963965
0.3643137312469489,0.3941078295233533,0.41830647054317976,3.8157657657657658,model_209,0.38157657657657656
0.3662444064092279,0.3960120390575065,0.42023941812300586,3.8351351351351353,model_209,0.38351351351351354
0.3681750815715068,0.39794885323397755,0.42217236570283184,3.8545045045045043,model_209,0.38545045045045045
0.3701057567337858,0.3998856674104486,0.424105313282658,3.873873873873874,model_209,0.38738738738738737
0.3720364318960647,0.40182248158691974,0.4260382608624841,3.8932432432432433,model_209,0.38932432432432434
0.37396710705834363,0.40375586864475754,0.4279712084423101,3.9126126126126124,model_209,0.39126126126126126
0.3758977822206226,0.4056768143912399,0.4299041560221362,3.931981981981982,model_209,0.3931981981981982
0.3778284573829016,0.40759776013772225,0.43183710360196226,3.9513513513513514,model_209,0.39513513513513515
0.37975913254518057,0.40951870588420464,0.43377005118178835,3.970720720720721,model_209,0.39707207207207207
0.3816898077074595,0.41143965163068696,0.43570299876161434,3.99009009009009,model_209,0.399009009009009
0.3836201400016549,0.41337431555565446,0.4376359463414405,4.0094594594594595,model_209,0.400945945945946
0.38554438658837514,0.4153218262300476,0.4395688939212665,4.0288288288288285,model_209,0.4028828828828829
0.3874686331750955,0.41728189620776734,0.4415018415010927,4.0481981981981985,model_209,0.4048198198198199
0.3893928797618157,0.41924196618548704,0.44343478908091877,4.0675675675675675,model_209,0.4067567567567567
0.391317126348536,0.4211906233516304,0.44536773666074475,4.086936936936937,model_209,0.4086936936936936
0.3932413729352563,0.4231274375281015,0.4473006842405709,4.1063063063063066,model_209,0.4106306306306306
0.39516561952197654,0.4250642517045725,0.44923363182039694,4.125675675675676,model_209,0.4125675675675675
0.39708986610869684,0.42699683578340447,0.451166579400223,4.145045045045045,model_209,0.41450450450450443
0.39901411269541714,0.4289378800575147,0.45309952698004907,4.164414414414415,model_209,0.41644144144144146
0.4009383592821374,0.43089270254564616,0.45503247455987517,4.183783783783784,model_209,0.4183783783783784
0.4028626058688577,0.43284536132798856,0.4569654221397012,4.203153153153153,model_209,0.42031531531531524
0.404786852455578,0.434760083143204,0.4588983697195273,4.222522522522523,model_209,0.42225225225225227
0.40671109904229824,0.43671711535050084,0.4608313172993534,4.241891891891892,model_209,0.42418918918918913
0.4086353456290185,0.43867414755779766,0.46278492333290516,4.261261261261261,model_209,0.4261261261261261
0.41055959221573884,0.4406311797650945,0.46473931428958937,4.280630630630631,model_209,0.428063063063063
0.41248383880245915,0.4425736066537608,0.46669370524627346,4.3,model_209,0.43
0.41440808538917945,0.4444989319547725,0.46864809620295766,4.31936936936937,model_209,0.43193693693693697
0.4163323319758997,0.44642078656230255,0.47060248715964176,4.338738738738739,model_209,0.4338738738738739
0.41825657856261994,0.4483646966215171,0.47255687811632585,4.358108108108108,model_209,0.43581081081081074
0.4201808251493403,0.45030860668073175,0.47451126907300994,4.377477477477478,model_209,0.4377477477477478
0.4221050717360605,0.4522525167399463,0.4764656600296941,4.396846846846847,model_209,0.4396846846846847
0.4240293183227808,0.4541964267991609,0.4784200509863782,4.416216216216216,model_209,0.4416216216216216
0.4259535649095011,0.4561403368583755,0.48037444194306234,4.435585585585586,model_209,0.4435585585585586
0.42787781149622134,0.45808366684321555,0.48232883289974643,4.454954954954955,model_209,0.4454954954954955
0.42980205808294164,0.4600061652476536,0.4842832238564306,4.474324324324324,model_209,0.4474324324324324
0.43172630466966194,0.4619286636520918,0.4862376148131147,4.493693693693694,model_209,0.4493693693693694
0.4336505512563822,0.4638511620565299,0.4881920057697988,4.513063063063063,model_209,0.45130630630630636
0.4355747978431025,0.4657736604609679,0.4901463967264829,4.532432432432432,model_209,0.4532432432432432
0.4374990444298228,0.46769615886540616,0.4921007876831671,4.551801801801802,model_209,0.45518018018018025
0.4394232910165431,0.4696186572698442,0.4940551786398512,4.571171171171171,model_209,0.4571171171171171
0.4413475376032633,0.4715477919398782,0.4960095695965353,4.59054054054054,model_209,0.45905405405405403
0.44327178418998364,0.4734891467043638,0.4979639605532195,4.60990990990991,model_209,0.460990990990991
0.44519603077670394,0.4754214202928204,0.4999183515099036,4.629279279279279,model_209,0.462927927927928
0.44712027736342413,0.4773582344692914,0.5018727424665876,4.648648648648648,model_209,0.46486486486486484
0.4490445239501445,0.47929504864576256,0.5038271334232719,4.668018018018018,model_209,0.46680180180180186
0.45096877053686474,0.48123186282223357,0.5057815243799559,4.687387387387387,model_209,0.46873873873873867
0.452893017123585,0.48316867699870464,0.5077359153366401,4.706756756756756,model_209,0.4706756756756756
0.4548172637103053,0.48510549117517576,0.5096903062933242,4.726126126126126,model_209,0.47261261261261256
0.4567415102970256,0.48704230535164683,0.5116446972500083,4.745495495495495,model_209,0.4745495495495495
0.4586657568837459,0.4889791195281179,0.5135990882066924,4.764864864864865,model_209,0.47648648648648656
0.46059000347046614,0.49091593370458897,0.5155534791633766,4.784234234234234,model_209,0.4784234234234234
0.46251425005718644,0.49285274788106,0.5175078701200607,4.803603603603603,model_209,0.48036036036036034
0.46443849664390674,0.49478956205753116,0.5194622610767449,4.822972972972973,model_209,0.4822972972972973
0.466362743230627,0.4967263762340022,0.5214166520334289,4.842342342342342,model_209,0.48423423423423423
0.4682869898173473,0.4986631904104732,0.5233710429901131,4.8617117117117115,model_209,0.4861711711711711
0.47020906532288964,0.5006000045869443,0.5253254339467972,4.881081081081081,model_209,0.4881081081081081
0.4721354829907879,0.502558168520495,0.5272798249034814,4.9004504504504505,model_209,0.490045045045045
0.47405972957750814,0.5045225942334317,0.5292342158601654,4.9198198198198195,model_209,0.49198198198198195
0.47598397616422844,0.5064376013368316,0.5311886068168497,4.9391891891891895,model_209,0.4939189189189189
0.47791654940812645,0.5083526084402314,0.5331429977735337,4.9585585585585585,model_209,0.49585585585585584
0.4798652718532269,0.5102676155436312,0.5350973887302177,4.977927927927928,model_209,0.4977927927927927
0.4817567159243893,0.5122027797316843,0.5369242210124922,4.9972972972972975,model_209,0.49972972972972973
0.48368096251110954,0.5140323945955207,0.5387391800585126,5.016666666666667,model_209,0.5016663334999167
0.48551996711866996,0.5157606583518175,0.5403764982494679,5.036036036036036,model_209,0.5036012018009023
0.48735522044007495,0.5175767774681885,0.5419898303282844,5.055405405405406,model_209,0.5055342050279706
0.48919047376147984,0.5192776754461483,0.5436031624071008,5.074774774774775,model_209,0.5074653487568286
0.4910257270828848,0.5209846274266312,0.5452164944859172,5.094144144144144,model_209,0.50939463854098
0.4928609804042898,0.5227058891828967,0.5468298265647338,5.113513513513514,model_209,0.5113220799118363
0.49469623372569466,0.5244092361743289,0.5484431586435502,5.132882882882883,model_209,0.5132476783788259
0.4965314870470996,0.5261302408895981,0.5501774476993436,5.152252252252252,model_209,0.5151714394295039
0.4983667403685046,0.527858504645895,0.5519175268752637,5.171621621621622,model_209,0.51709336852966
0.5002019936899095,0.5295867684021918,0.5536576060511839,5.190990990990991,model_209,0.5190134711234266
0.5020372470113145,0.5313150321584885,0.555397685227104,5.210360360360361,model_209,0.5209317188475605
0.5038658158171255,0.5330432959147853,0.5571377644030241,5.22972972972973,model_209,0.5228481433956212
0.5056579275545494,0.534771559671082,0.5588778435789441,5.249099099099099,model_209,0.5247627568279742
0.5074500392919733,0.5364998234273789,0.5606179227548643,5.268468468468469,model_209,0.5266755645082398
0.5092421510293972,0.5382280871836757,0.5623580019307843,5.287837837837838,model_209,0.5285865717788796
0.511034262766821,0.5399563509399724,0.5640980811067045,5.307207207207207,model_209,0.5304957839613011
0.5128263745042448,0.5416846146962693,0.5658381602826246,5.326576576576577,model_209,0.5324032063559624
0.5146184862416687,0.543412878452566,0.5675782394585447,5.345945945945946,model_209,0.5343088442424726
0.5164105979790926,0.5451411422088628,0.5693183186344648,5.365315315315315,model_209,0.536212702879697
0.5182027097165165,0.5468778944205426,0.5710583978103849,5.384684684684685,model_209,0.5381147875058573
0.5199948214539403,0.5486428698813929,0.572798476986305,5.404054054054054,model_209,0.5400151033386328
0.5217869331913642,0.5504078453422431,0.574538556162225,5.423423423423423,model_209,0.5419136132703012
0.523579044928788,0.5521728208030935,0.5762493606493138,5.442792792792793,model_209,0.5438103566121189
0.5253711566662119,0.5539377962639438,0.5779509931207728,5.462162162162162,model_209,0.5457053459327298
0.5271632684036357,0.5556791669113811,0.579654855163685,5.481531531531531,model_209,0.5475985863733788
0.5289553801410597,0.5574018079877899,0.5813587172065973,5.500900900900901,model_209,0.5494900830552368
0.5307474918784835,0.5591678458706452,0.5830625792495094,5.52027027027027,model_209,0.5513798410794998
0.5325396036159074,0.5608866998483408,0.5847664412924216,5.539639639639639,model_209,0.5532678655274856
0.5343317153533312,0.5625864900505269,0.5864703033353339,5.559009009009009,model_209,0.5551541614607308
0.5361238270907551,0.5642862802527128,0.5881741653782461,5.578378378378378,model_209,0.5570387339210869
0.5379159388281789,0.5660384401478582,0.5898780274211582,5.597747747747747,model_209,0.5589215498297131
0.5397080505656029,0.5677284492513951,0.5915818894640705,5.617117117117117,model_209,0.5608026327298172
0.5415001623030267,0.569418458354932,0.5932857515069827,5.636486486486486,model_209,0.5626820064487378
0.5432922740404506,0.571108467458469,0.594989613549895,5.655855855855856,model_209,0.5645596759550248
0.5450843857778744,0.5727984765620058,0.5966934755928072,5.675225225225225,model_209,0.5664356461979888
0.5468764975152982,0.5745216260659081,0.5983973376357193,5.694594594594594,model_209,0.5683099221077944
0.5486850780223687,0.5762498898222048,0.6001011996786316,5.713963963963964,model_209,0.5701825085955521
0.5504639810892529,0.5779781535785016,0.6018050617215438,5.733333333333333,model_209,0.5720534105534105
0.5522528327275699,0.5797258246842256,0.603508923764456,5.7527027027027025,model_209,0.5739225955333046
0.5540449444649937,0.5814484927811078,0.6052127858073683,5.772072072072072,model_209,0.5757900792358623
0.5558370562024176,0.5831664478390894,0.6069166478502804,5.7914414414414415,model_209,0.5776558922909428
0.5576291679398414,0.584909445630883,0.6086205098931926,5.8108108108108105,model_209,0.5795200395200394
0.5594421302804375,0.5866556599403252,0.6103243719361049,5.8301801801801805,model_209,0.5813825257261105
0.5612256593610719,0.5884018742497673,0.6120282339790171,5.8495495495495495,model_209,0.5832433556936677
0.5630055031521131,0.5901480885592094,0.6137320960219292,5.868918918918919,model_209,0.585102534188865
0.564797614889537,0.5918943028686515,0.6154359580648415,5.8882882882882885,model_209,0.5869600468157515
0.5665897266269608,0.5936405171780936,0.6171398201077537,5.907657657657658,model_209,0.5888158675917297
0.5683818383643846,0.5953867314875357,0.6188436821506659,5.927027027027027,model_209,0.5906700504332082
0.5701739501018085,0.597152303514222,0.6205475441935782,5.946396396396397,model_209,0.5925226000378964
0.5719660618392324,0.5989309547070392,0.6222514062364903,5.965765765765766,model_209,0.5943735210855554
0.5737581735766561,0.6006587029073264,0.6239552682794025,5.985135135135135,model_209,0.5962228182380853
0.5755502853140801,0.6023864511076137,0.6256591303223148,6.004504504504505,model_209,0.5980704961396096
0.5773423970515039,0.6041178030347463,0.627362992365227,6.023873873873874,model_209,0.5999165196640184
0.5791345087889278,0.6058640173441884,0.6290668544081393,6.043243243243243,model_209,0.6017608989284382
0.5809266205263517,0.6075696957084755,0.6307707164510514,6.062612612612613,model_209,0.6036036721457549
0.5827187322637756,0.6093564459630726,0.6324745784939636,6.081981981981982,model_209,0.605444843893775
0.5845108440011995,0.6111026602725148,0.6341784405368759,6.101351351351352,model_209,0.6072844187329237
0.5863029557386233,0.6128488745819569,0.6358823025797881,6.120720720720721,model_209,0.6091224012063272
0.5880950674760471,0.6145754674925594,0.6375861646227002,6.14009009009009,model_209,0.6109587763118568
0.589887179213471,0.616275385582187,0.6392900266656125,6.15945945945946,model_209,0.6127935094185094
0.5916792909508949,0.6179753036718144,0.6409938887085247,6.178828828828829,model_209,0.6146266630869279
0.5934714026883188,0.6196752217614419,0.6426977507514369,6.198198198198198,model_209,0.6164582417956709
0.5952635144257427,0.6214262816795253,0.6444016127943492,6.217567567567568,model_209,0.6182882500063803
0.5970556261631665,0.6231477353471582,0.6461054748372613,6.236936936936937,model_209,0.620116692163862
0.5988477379005903,0.6248521793380646,0.6478093368801736,6.256306306306306,model_209,0.6219435460920609
0.6006398496380142,0.6265749259116357,0.6495131989230858,6.275675675675676,model_209,0.6237687871573883
0.6024319613754381,0.6283026741119229,0.651217060965998,6.295045045045045,model_209,0.6255924748277689
0.6042240731128619,0.6300394677182586,0.6529209230089101,6.314414414414414,model_209,0.6274146134851353
0.6060161848502859,0.6317919825703834,0.6546247850518224,6.333783783783784,model_209,0.6292352074949539
0.6078082965877096,0.6335021735050894,0.6563286470947347,6.353153153153153,model_209,0.6310542612063025
0.6096004083251335,0.6352136669130719,0.6580645574211745,6.372522522522522,model_209,0.6328717188107431
0.6113925200625574,0.6370303998030227,0.6598232301288223,6.391891891891892,model_209,0.6346876187340105
0.6131846317999813,0.6388020419788826,0.6615464317262142,6.411261261261261,model_209,0.6365019907547997
0.6149767435374051,0.6406265264268904,0.6632909504171923,6.43063063063063,model_209,0.638314839160957
0.6167116982816624,0.6423495216894187,0.6650354691081706,6.45,model_209,0.6401261682242991
0.6184360688267776,0.644068804689236,0.6667799877991487,6.469369369369369,model_209,0.6419359522998009
0.6201604393718927,0.6457880876890532,0.6685245064901268,6.488738738738738,model_209,0.6437441660045486
0.6218848099170079,0.6475552478016892,0.6702690251811052,6.508108108108108,model_209,0.6455508725508726
0.6236091804621231,0.6492772318709001,0.6720135438720833,6.527477477477477,model_209,0.6473560761506733
0.6253335510072383,0.6509992159401112,0.6737440271178643,6.546846846846847,model_209,0.6491597810001719
0.6270621567695953,0.6527212000093221,0.6754116997777675,6.566216216216216,model_209,0.6509619736015085
0.6287945138961492,0.6544431840785331,0.6770793724376708,6.585585585585585,model_209,0.6527626008908537
0.630526871022703,0.6561651681477442,0.6787470450975741,6.604954954954955,model_209,0.6545617414071454
0.632347102071228,0.657887152216955,0.6804147177574773,6.624324324324324,model_209,0.6563593992879707
0.6341836027864017,0.659609136286166,0.6820823904173805,6.6436936936936934,model_209,0.6581555786555787
0.6360201035015755,0.6613091643768398,0.6837883481095418,6.663063063063063,model_209,0.6599502605894455
0.6378566042167492,0.663053104424588,0.6855486002893266,6.6824324324324325,model_209,0.6617433995772728
0.6396931049319229,0.6647698285981506,0.6873088524691114,6.7018018018018015,model_209,0.663535071826334
0.6415296056470966,0.6664864253811702,0.6890691046488964,6.7211711711711715,model_209,0.6653252814014939
0.6433661063622703,0.6682030221641897,0.6908293568286812,6.7405405405405405,model_209,0.6671140323526111
0.645202607077444,0.6699196189472093,0.692589609008466,6.75990990990991,model_209,0.6689012832020212
0.6470391077926178,0.6716514114179243,0.6943498611882508,6.7792792792792795,model_209,0.6706870303483208
0.6488756085077915,0.6733649621059363,0.6961101133680356,6.798648648648649,model_209,0.6724713304464687
0.6507121092229651,0.6751051628180686,0.6978703655478204,6.818018018018018,model_209,0.6742541874901581
0.6525486099381389,0.6768021871664084,0.6995919572514929,6.837387387387388,model_209,0.6760356054583997
0.6543851106533126,0.6785056141699726,0.7013024452680098,6.856756756756757,model_209,0.6778155036065004
0.6562216113684862,0.6802388284704419,0.7030129332845266,6.876126126126126,model_209,0.6795939537518243
0.65805811208366,0.6819559907675335,0.7047234213010436,6.895495495495496,model_209,0.6813709762031633
0.6598529168742009,0.683694445190962,0.7064339093175604,6.914864864864865,model_209,0.6831465748845502
0.6616154615553284,0.6854440821413318,0.7081443973340774,6.934234234234234,model_209,0.6849207174207174
0.663422544336874,0.6871640589030181,0.7098548853505944,6.953603603603604,model_209,0.6866933763589758
0.6652403702630402,0.6888828654627528,0.7115653733671112,6.972972972972973,model_209,0.6884646227580413
0.6670581961892064,0.6906048495319639,0.7132758613836282,6.992342342342343,model_209,0.6902344604878852
0.6688760221153724,0.6923268336011748,0.714986349400145,7.011711711711712,model_209,0.6920028934043532
0.6706938480415386,0.6940357262649783,0.7167085165601248,7.031081081081081,model_209,0.6937698204360311
0.6724974760961142,0.6957696849947652,0.7184455123224813,7.050450450450451,model_209,0.6955353485604054
0.6742126836364646,0.6974927858088078,0.7201825080848379,7.06981981981982,model_209,0.6972994829148674
0.675927891176815,0.6992147698780187,0.7219195038471943,7.089189189189189,model_209,0.6990622273023364
0.6777006543472404,0.7009073936269387,0.7236564996095508,7.108558558558559,model_209,0.7008235053235053
0.6794927660846642,0.7025958467242759,0.7253934953719072,7.127927927927928,model_209,0.7025833722005383
0.6812848778220881,0.7043235949245632,0.7271304911342638,7.147297297297297,model_209,0.704341860008829
0.683076989559512,0.7060457725601954,0.7288317113654615,7.166666666666667,model_209,0.7060989724992445
0.6848691012969359,0.7077734840995966,0.7305253928991728,7.186036036036036,model_209,0.7078546475791605
0.6866612130343597,0.7094807626389318,0.7322386776061346,7.205405405405405,model_209,0.7096089094979995
0.6884533247717836,0.7112148946698791,0.7339519623130963,7.224774774774775,model_209,0.7113618068543441
0.6902454365092074,0.7129328115103691,0.7356652470200582,7.244144144144144,model_209,0.7131133433478666
0.6920375482466312,0.7146507283508592,0.7374496187756538,7.263513513513513,model_209,0.7148634610219976
0.6937743347172631,0.7164114630259779,0.739235422572285,7.282882882882883,model_209,0.7166121735453865
0.6954896687142544,0.7181455805268614,0.7409764135582169,7.302252252252252,model_209,0.7183595358207622
0.6972050027112457,0.7198733287271486,0.742763452995472,7.321621621621621,model_209,0.7201055514974433
0.6989203367082372,0.7216005627777615,0.7445004487578285,7.340990990990991,model_209,0.7218501567754156
0.7006356707052285,0.7232841579161774,0.7462374445201849,7.36036036036036,model_209,0.7235933747512694
0.7024526460099145,0.7250161616781579,0.7479704417404403,7.379729729729729,model_209,0.7253352566049195
0.7042536023890779,0.7267665149853946,0.749665158492644,7.399099099099099,model_209,0.7270758059361562
0.7059628868078924,0.7284884990546054,0.7513598752448478,7.418468468468468,model_209,0.7288149433095572
0.7076721712267071,0.7302040808986437,0.7530545919970516,7.437837837837838,model_209,0.7305527208823173
0.7093814556455218,0.7319374163389504,0.7547493087492554,7.457207207207207,model_209,0.7322891762730472
0.7111503466343543,0.7336953143294469,0.7564920049884688,7.476576576576576,model_209,0.7340243130328179
0.7129099236674814,0.7354230625297342,0.7582859334079377,7.495945945945946,model_209,0.7357580264828587
0.7146357806463295,0.7371508107300214,0.7600798618274066,7.515315315315315,model_209,0.7374904171046326
0.7163616376251775,0.7388785589303087,0.7618737902468754,7.534684684684684,model_209,0.7392214993018923
0.718170189342162,0.7405989212845974,0.7636677186663443,7.554054054054054,model_209,0.7409512548262549
0.7198851332778937,0.742280048214326,0.7654616470858132,7.5734234234234235,model_209,0.742679609582821
0.7216394870217592,0.7439863556775044,0.7672555755052821,7.5927927927927925,model_209,0.744406666024313
0.7234672922836466,0.7457083397467154,0.7689915766686225,7.6121621621621625,model_209,0.7461324276190706
0.7252728270861538,0.7474303238159263,0.7707081221786263,7.6315315315315315,model_209,0.7478568341372079
0.7270105504842703,0.7491523078851373,0.7724284290085223,7.650900900900901,model_209,0.7495798933660205
0.7287482738823869,0.7508742919543483,0.7741487358384185,7.6702702702702705,model_209,0.7513016677272564
0.7304859972805035,0.7525962760235593,0.7758690426683146,7.68963963963964,model_209,0.7530221606426666
0.73222372067862,0.7543182600927703,0.7775893494982107,7.709009009009009,model_209,0.7547412607816334
0.7339614440767366,0.7560471145226624,0.7792403640049581,7.728378378378379,model_209,0.756459076097374
0.7356991674748531,0.7577622282311922,0.7809773597673144,7.747747747747748,model_209,0.7581756198182239
0.7374368908729696,0.7595136022148503,0.782714355529671,7.767117117117117,model_209,0.7598908470223211
0.7391746142710862,0.7612827535941951,0.7844513512920275,7.786486486486487,model_209,0.7616047312239262
0.7409123376692027,0.7630519049735398,0.7861883470543839,7.805855855855856,model_209,0.7633173535886748
0.7426500610673192,0.7648210563528846,0.7879111904775875,7.825225225225225,model_209,0.765028717459181
0.7443877844654359,0.7665742705853218,0.7896314973074836,7.844594594594595,model_209,0.7667387109086139
0.7461255078635525,0.7683540975792946,0.7913518041373798,7.863963963963964,model_209,0.7684474395029951
0.7478632312616689,0.7700702114822671,0.7930721109672759,7.883333333333333,model_209,0.770154919236417
0.7496009546597855,0.7717863253852395,0.7948212321936907,7.902702702702703,model_209,0.7718610922679615
0.751338678057902,0.7735024392882119,0.7966197344046143,7.922072072072072,model_209,0.773565954427811
0.7530764014560186,0.7752185531911845,0.7984182366155379,7.941441441441442,model_209,0.7752695772695773
0.7548141248541351,0.776965357063827,0.8002167388264614,7.960810810810811,model_209,0.7769719517408445
0.7565518482522516,0.778740503073392,0.802015241037385,7.98018018018018,model_209,0.7786729745548885
0.7582895716503683,0.7804648816211526,0.8038137432483086,7.99954954954955,model_209,0.7803727675043465
0.7600272950484848,0.7821892601689129,0.8056122454592322,8.018918918918919,model_209,0.7820713338228675
0.7617650184466014,0.7839136387166732,0.8074107476701557,8.038288288288289,model_209,0.783768575408523
0.7635027418447178,0.7856711115311478,0.8092092498810792,8.057657657657657,model_209,0.7854645652216767
0.7652404652428344,0.787382870723238,0.8110077520920028,8.077027027027027,model_209,0.7871593377373876
0.766978188640951,0.7890946299153283,0.8128062543029264,8.096396396396397,model_209,0.788852831852832
0.7687159120390674,0.7908111529077145,0.8146047565138499,8.115765765765765,model_209,0.7905450450450451
0.770453635437184,0.792535531455475,0.8164032587247736,8.135135135135135,model_209,0.792236050186312
0.7721913588353007,0.7942599100032354,0.8182017609356972,8.154504504504505,model_209,0.7939258180989538
0.773929082233417,0.7960629948959977,0.8200002631466207,8.173873873873873,model_209,0.7956142809476143
0.7756668056315337,0.7977932486611784,0.8217987653575443,8.193243243243243,model_209,0.7973015449058114
0.7774045290296503,0.7995064265730163,0.8235372113992083,8.212612612612613,model_209,0.7989876077121509
0.7791422524277667,0.8012196044848541,0.8252384449241181,8.231981981981981,model_209,0.8006723462593028
0.7808799758258833,0.8029327823966921,0.826939678449028,8.251351351351351,model_209,0.8023558949914293
0.7826001513687163,0.8046459603085301,0.8286409119739379,8.270720720720721,model_209,0.8040382570070072
0.78429722506161,0.80635983344096,0.8303421454988476,8.29009009009009,model_209,0.8057193136737605
0.7859942987545039,0.8080723161322056,0.8320433790237576,8.30945945945946,model_209,0.8073991729050247
0.7876913724473977,0.8097793169330786,0.8337446125486674,8.32882882882883,model_209,0.809077854381016
0.7893884461402914,0.8115036954808388,0.8354458460735772,8.348198198198197,model_209,0.8107552552552553
0.7910855198331852,0.8132280740285992,0.837147079598487,8.367567567567567,model_209,0.8124314504816235
0.792782593526079,0.8149907204761183,0.8388483131233969,8.386936936936937,model_209,0.814106476831196
0.7944796672189727,0.816711427174239,0.8405495466483066,8.406306306306305,model_209,0.8157802424454691
0.7961767409118665,0.8184692487256541,0.8422507801732165,8.425675675675675,model_209,0.8174527989361826
0.7978738146047604,0.8202270702770693,0.8439520136981264,8.445045045045045,model_209,0.819124195346705
0.7995708882976541,0.8219848918284842,0.8456532472230361,8.464414414414414,model_209,0.8207943460702081
0.8013724085167044,0.823694546484447,0.8473544807479461,8.483783783783784,model_209,0.8224632888702655
0.8032039346979499,0.8254061945213573,0.8490557142728559,8.503153153153153,model_209,0.8241310803057791
0.8050354608791952,0.8271350537711482,0.8507569477977657,8.522522522522522,model_209,0.8257976363460233
0.8068669870604407,0.8288327889375138,0.8524581813226756,8.541891891891892,model_209,0.8274629902786327
0.8086835501957481,0.8305305241038794,0.8541594148475855,8.561261261261262,model_209,0.8291272014822895
0.8104212735938647,0.832228259270245,0.8558606483724953,8.580630630630631,model_209,0.8307901828867496
0.8121037372752793,0.8339259944366106,0.8575618818974051,8.6,model_209,0.8324519725557461
0.8137370197404397,0.835644995149484,0.8592631154223149,8.61936936936937,model_209,0.8341126280522168
0.8154841881699917,0.8373693736972443,0.8609643489472248,8.63873873873874,model_209,0.8357720547099562
0.817303038698713,0.8390937522450046,0.8626655824721345,8.658108108108108,model_209,0.8374303045021916
0.8191098905844474,0.8408181307927649,0.8643750900410088,8.677477477477478,model_209,0.8390874286000407
0.820847613982564,0.8425434509475456,0.8661464395133318,8.696846846846848,model_209,0.8407433202433203
0.8225853373806804,0.8443316730862092,0.8679177889856546,8.716216216216216,model_209,0.8423980543310176
0.824323060778797,0.8461128674294842,0.8696891384579777,8.735585585585586,model_209,0.84405167112505
0.8260607841769136,0.8478574519393971,0.8714604879303007,8.754954954954956,model_209,0.845704047330913
0.82779850757503,0.8495901959777831,0.8732318374026237,8.774324324324324,model_209,0.8473552896739943
0.8295362309731467,0.8513190405672897,0.8750031868749467,8.793693693693694,model_209,0.8490054230475687
0.8312739543712633,0.8530428204225489,0.8767745363472699,8.813063063063064,model_209,0.8506543032394096
0.8330116777693797,0.8547779503672753,0.8785458858195927,8.832432432432432,model_209,0.8523020775877919
0.8347494011674963,0.8564904050153732,0.8803172352919157,8.851801801801802,model_209,0.8539487294349173
0.8364871245656129,0.8582167717211494,0.8820885847642388,8.871171171171172,model_209,0.8555941546642184
0.8382248479637293,0.8599699965504802,0.8838599342365616,8.89054054054054,model_209,0.8572384845600798
0.8399625713618459,0.8616943994432431,0.8855792042799598,8.90990990990991,model_209,0.8588816717480839
0.8417002947599626,0.8634764462091422,0.8872804378048698,8.92927927927928,model_209,0.8605236677355321
0.8434380181580791,0.865229671038473,0.8889816713297795,8.948648648648648,model_209,0.8621645765155502
0.8451757415561956,0.8670291899570357,0.8907139143632314,8.968018018018018,model_209,0.8638043180717746
0.8469134649543122,0.8688151898391459,0.8924246495343746,8.987387387387388,model_209,0.8654429080243033
0.8486511883524287,0.8705223861759235,0.89416929338540585,9.006756756756756,model_209,0.8670804188218636
0.8503889117505452,0.8722425703557967,0.8959175527384792,9.026126126126126,model_209,0.8687167336255174
0.8521266351486618,0.8740166050418681,0.8976658120915525,9.045495495495496,model_209,0.8703519405481431
0.8538643585467783,0.875771864795101,0.8994140714446256,9.064864864864864,model_209,0.8719860704230168
0.8556871312078798,0.8774840837097475,0.9011623307976989,9.084234234234234,model_209,0.87361898307916
0.8574052537718064,0.8792045708587919,0.9029105901507721,9.103603603603604,model_209,0.8752508297771455
0.859121076321254,0.8809676572560845,0.9046588495038453,9.122972972972972,model_209,0.8768815633815633
0.8608368988707018,0.8826830613679217,0.9064071088569186,9.142342342342342,model_209,0.8785111305586495
0.8625529755373611,0.8843814650765407,0.9081553682099919,9.161711711711712,model_209,0.8801396396396397
0.8643246579260748,0.8861724609958067,0.9099036275630651,9.18108108108108,model_209,0.8817669954709013
0.866113181980221,0.8878814222145522,0.9116518869161383,9.20045045045045,model_209,0.8833932396517373
0.8678401055254436,0.8896099933208375,0.9134001462692116,9.21981981981982,model_209,0.8850184335278676
0.8695654844312382,0.8913671217167831,0.9151484056222848,9.239189189189188,model_209,0.8866424299404181
0.8712908633370331,0.8930749313736939,0.9168966649753582,9.258558558558558,model_209,0.8882653734136147
0.8730162422428279,0.8947827410306045,0.9186449243284314,9.277927927927928,model_209,0.8898872271182862
0.8747416211486226,0.896490550687515,0.9203931836815046,9.297297297297296,model_209,0.8915079295104389
0.8764670000544175,0.8982311558036759,0.9221414430345779,9.316666666666666,model_209,0.8931275943724754
0.87819248612041,0.8999888220385002,0.9238897023876512,9.336036036036036,model_209,0.89474611829875
0.8799302095185265,0.9017464882733242,0.9256379617407243,9.355405405405405,model_209,0.8963635563777466
0.8816679329166431,0.9035041545081486,0.9273862210937976,9.3747747747747745,model_209,0.8979799561764519
0.8834056563147596,0.9052618207429728,0.9291344804468709,9.394144144144144,model_209,0.8995951766689575
0.8851433797128762,0.9070054444287587,0.9308706700462026,9.413513513513513,model_209,0.901209372221034
0.8868811031109928,0.9087178027235989,0.9326314731786775,9.432882882882883,model_209,0.9028224715139785
0.8886188265091093,0.9104301610184391,0.9344246036888338,9.452252252252253,model_209,0.9044344635817182
0.8903565499072259,0.912148454285912,0.9361727094097609,9.471621621621622,model_209,0.9060454382062861
0.8920942733053424,0.9139366631248562,0.9379208151306881,9.49099099099099,model_209,0.9076552547562103
0.893831996703459,0.9156640975732208,0.9396693325388616,9.51036036036036,model_209,0.9092640398804783
0.8955445381109379,0.9173919295731073,0.9414922130127781,9.52972972972973,model_209,0.9108717618032971
0.8971878240736714,0.9191197615729938,0.9433150934866946,9.549099099099099,model_209,0.9124783664261277
0.8988969258297501,0.9208680345325495,0.9451379739606112,9.568468468468469,model_209,0.9140839659045955
0.900622304735545,0.9226278609052239,0.9469608544345278,9.587837837837839,model_209,0.9156884337753904
0.9023476836413398,0.9243472117353597,0.9487837349084441,9.607207207207207,model_209,0.9172918665459004
0.9040730625471345,0.9260968743945818,0.9506066153823607,9.626576576576577,model_209,0.9188942577813546
0.9057984414529294,0.9278014917725455,0.9523411519364156,9.645945945945947,model_209,0.9204955327228056
0.9075238203587241,0.9295201509784448,0.9540542943017909,9.665315315315315,model_209,0.9220958146420575
0.909249199264519,0.9312917485949492,0.95575531449478,9.684684684684685,model_209,0.9236949801638205
0.9109745781703138,0.932995213689287,0.9574623957739623,9.704054054054055,model_209,0.9252931178601282
0.9126999570761085,0.9346986787836244,0.959247655893547,9.723423423423423,model_209,0.9268902245196556
0.9144253359819035,0.9364021438779623,0.9609434549632696,9.742792792792793,model_209,0.9284862267539369
0.9161507148876983,0.9381259135717459,0.9626057992799473,9.762162162162163,model_209,0.9300812479145814
0.917876093793493,0.9398537455716325,0.9642907208906912,9.781531531531531,model_209,0.9316751568516275
0.9196014726992878,0.9415815775715191,0.9659978021698735,9.800900900900901,model_209,0.9332680559721251
0.9213268516050828,0.9433094095714056,0.9677048834490558,9.8202702702702709,model_209,0.9348599236047881
0.9230522305108775,0.9450746748686407,0.969411964728238,9.839639639639639,model_209,0.9364507093300197
0.9247776094166722,0.9469172776324595,0.9711190460074203,9.859009009009009,model_209,0.9380405257595577
0.9265029883224671,0.9486337269406516,0.9728409642737021,9.878378378378379,model_209,0.9396292233192602
0.9282283672282619,0.9503544161134994,0.9745892236267752,9.897747747747747,model_209,0.9412169395942439
0.9299537461340568,0.9520491030243383,0.9763374829798486,9.917117117117117,model_209,0.942803613195505
0.9316791250398515,0.9537872783121024,0.9780857423329219,9.936486486486487,model_209,0.9443892378466847
0.9334045039456462,0.9555647493693917,0.9798050322212599,9.955855855855855,model_209,0.9459738941395383
0.9351298828514412,0.957355846868579,0.9815114804217978,9.975225225225225,model_209,0.9475574356538803
0.936855261757236,0.9590959320602827,0.9832753990223317,9.994594594594595,model_209,0.9491400240583581
0.9385946734663568,0.9608426213691809,0.9850321125453003,10.013963963963963,model_209,0.9507215480786909
0.9403559424595136,0.9624944429100645,0.9867924286070516,10.033333333333333,model_209,0.9523020663404024
0.9421172114526704,0.964212887532977,0.9884555758617839,10.052702702702703,model_209,0.9538815901102897
0.943878480445827,0.9660136670910535,0.9901105641583886,10.072072072072071,model_209,0.9554600466046493
0.9456397494389838,0.9677967186967703,0.991870076539729,10.091441441441441,model_209,0.9570375613708947
0.9474010184321405,0.9695298841015019,0.9936621096642524,10.110810810810811,model_209,0.9586139797242319
0.9491622874252972,0.9712704400749542,0.9954469236494717,10.13018018018018,model_209,0.9601894455431039
0.9509235564184539,0.9730109830036869,0.9971498974754756,10.14954954954955,model_209,0.9617638804997601
0.9526848254116107,0.9747453161299535,0.9988528713014794,10.16891891891892,model_209,0.9633373056369403
0.9544460944047674,0.976422443326002,1.0007281542826665,10.188288288288287,model_209,0.9649097636597637
0.9562073633979241,0.9780884305478517,1.0025522412767698,10.207657657657657,model_209,0.9664811563388205
0.9579686323910809,0.9797544177697012,1.0042919791637754,10.227027027027027,model_209,0.9680516229357397
0.9597299013842375,0.9814674781550038,1.0060317170507809,10.246396396396396,model_209,0.9696210122637825
0.9614911703773943,0.9831949077677078,1.0077714549377865,10.265765765765765,model_209,0.9711894589854929
0.963252439370551,0.9848765853698005,1.009511192824792,10.285135135135135,model_209,0.9727568879559171
0.9650137083637077,0.9865818365390511,1.0112387984419473,10.304504504504504,model_209,0.9743233229187149
0.9667749773568645,0.9883574312316364,1.0129205668773085,10.323873873873874,model_209,0.9758887978887978
0.9685362463500212,0.9900220211641344,1.0146023353126692,10.343243243243244,model_209,0.9774532291678032
0.9702975153431779,0.991741202947197,1.0162841037480301,10.362612612612612,model_209,0.9790167497065438
0.9720587843363346,0.9935346570899293,1.017965872183391,10.381981981981982,model_209,0.9805791920953211
0.9738200533294914,0.9952088448158697,1.019647640618752,10.401351351351352,model_209,0.9821407213014788
0.9755813223226482,0.9969401729497809,1.021329409054113,10.420720720720722,model_209,0.9837012259944198
0.9772759696005732,0.9987155124099192,1.0230111774894737,10.44009009009009,model_209,0.9852607718382366
0.979002408833543,1.0004796891490453,1.0246929459248346,10.45945945945946,model_209,0.9868193450892566
0.9806423427121912,1.002197408651037,1.0263747143601956,10.47882882882883,model_209,0.9883769155007097
0.9822822765908393,1.0039568948360675,1.0281890827612628,10.498198198198198,model_209,0.9899335635354116
0.984034105664637,1.005716381021098,1.0299274969720642,10.517567567567568,model_209,0.9914891664044614
0.9859770715118853,1.0074701736877605,1.0316659111828657,10.536936936936938,model_209,0.9930438778128309
0.9877172918941476,1.0091591008691063,1.0334033460600884,10.556306306306306,model_209,0.9945975385971376
0.98945751227641,1.0108610385767498,1.0351278272012154,10.575675675675676,model_209,0.9961502945252945
0.9911977326586725,1.0125855793187568,1.0368651099595645,10.595045045045046,model_209,0.9977020460588742
0.9929379530409348,1.0143670729850112,1.0386189293237718,10.614414414414414,model_209,0.9992528542948711
0.9946767391697225,1.015997892058684,1.040357982236873,10.633783783783784,model_209,1.0008027027027027
0.9963912806793673,1.0176306913828794,1.0420963964476744,10.653153153153154,model_209,1.0023536180411181
0.9981557411255655,1.019380148794705,1.0438348106584756,10.672522522522522,model_209,1.0039063771068581
0.9997850253740848,1.0210324524877457,1.0455084166449231,10.691891891891892,model_209,1.0054611961358948
1.001414309622604,1.0227802396661632,1.0471991951891044,10.711261261261262,model_209,1.0070178005841721
1.0030435938711233,1.0245437108408362,1.0489136398001209,10.73063063063063,model_209,1.0085765403084244
1.0046816609844316,1.0263071820155092,1.0505894378365597,10.75,model_209,1.0101370967741936
1.0064431312530937,1.0280328182066258,1.0522652358729987,10.76936936936937,model_209,1.0116997069708935
1.0082770458861146,1.0297843777490476,1.0539410339094375,10.788738738738738,model_209,1.0132642472707143
1.0099285983302528,1.0315574102462932,1.0556168319458763,10.808108108108108,model_209,1.0148307530831802
1.0115801507743913,1.0333610667142015,1.0572926299823153,10.827477477477478,model_209,1.0163993093579804
1.0133058076085102,1.0351386678605288,1.0589684280187541,10.846846846846846,model_209,1.017969736159517
1.0150977857538221,1.0369142717570508,1.060644226055193,10.866216216216216,model_209,1.0195423408786528
1.0168897638991343,1.0386367892510568,1.062320024091632,10.885585585585586,model_209,1.0211168092421143
1.018651278178772,1.0404072715514585,1.0639958221280708,10.904954954954954,model_209,1.0226934002406314
1.0203260764239905,1.0421777538518604,1.0656716201645096,10.924324324324324,model_209,1.0242719677262908
1.0220203937213315,1.0439418937622396,1.0673474182009486,10.943693693693694,model_209,1.0258525464239752
1.0237215588191064,1.0457053649369126,1.0690232162373874,10.963063063063062,model_209,1.0274352463665628
1.0254955883204813,1.0474892007530658,1.0706990142738262,10.982432432432432,model_209,1.0290198552360714
1.027269617821856,1.0492595790075347,1.0723748123102652,11.001801801801802,model_209,1.0306067050657215
1.0290436473232305,1.0509704543839113,1.074050610346704,11.02117117117117,model_209,1.032195498454119
1.0308176768246053,1.0526813297602882,1.0757264083831428,11.04054054054054,model_209,1.0337864043172178
1.0325917063259802,1.054392205136665,1.0774781391501482,11.05990990990991,model_209,1.0353794164534904
1.0343657358273546,1.0561030805130416,1.0791916056204638,11.079279279279278,model_209,1.0369744052124612
1.0361397653287294,1.0578713812493084,1.0808095493114622,11.098648648648648,model_209,1.0385716706805814
1.037913794830104,1.0596430498113747,1.0824296005288985,11.118018018018018,model_209,1.0401709105800014
1.0396040079508573,1.061414718373441,1.0841053985653373,11.137387387387387,model_209,1.041772323191678
1.0412046480887873,1.0631905215510107,1.085781196601776,11.156756756756756,model_209,1.0433758704852325
1.0428052882267176,1.0649306386958126,1.087456994638215,11.176126126126126,model_209,1.0449814366605412
1.044441331097272,1.066664971822079,1.0892218029392005,11.195495495495495,model_209,1.0465893268683966
1.0460798056462002,1.0683993049483456,1.091151864715924,11.214864864864865,model_209,1.0481992400053963
1.0477182801951281,1.070133638074612,1.0931733449549617,11.234234234234235,model_209,1.0498113434000196
1.049465595064916,1.071838380099938,1.0950986738369526,11.253603603603603,model_209,1.051425655012811
1.0511806797772358,1.0735588560838734,1.0968752398345762,11.272972972972973,model_209,1.053042019463072
1.0528076619827742,1.0752794583981946,1.0986518058322,11.292342342342343,model_209,1.0546607309650788
1.0544346441883123,1.076912440346199,1.1004134007281918,11.311711711711713,model_209,1.0562815503946157
1.0560616263938507,1.0785406621346865,1.102196160919879,11.33108108108108,model_209,1.057904533200426
1.0576886085993888,1.080270351885495,1.103879875694012,11.35045045045045,model_209,1.0595298447061672
1.0593155908049272,1.0819467095045383,1.1055876826669933,11.36981981981982,model_209,1.0611572598671
1.0609425730104656,1.0837281691362861,1.10728344354055,11.389189189189189,model_209,1.0627869687869687
1.0625695552160037,1.0855096287680341,1.1089792044141074,11.408558558558559,model_209,1.064418934111177
1.0642439285967848,1.0872552685323487,1.1106749652876644,11.427927927927929,model_209,1.0660530344533723
1.0660527958169723,1.0890098543995907,1.1123707261612215,11.447297297297297,model_209,1.0676895433049278
1.0678616630371598,1.090800449921311,1.1140664870347785,11.466666666666667,model_209,1.0693282528930286
1.0696705302573473,1.0925730406157923,1.1157622479083358,11.486036036036037,model_209,1.0709691555962744
1.0714793974775347,1.0943210489741213,1.1174580087818926,11.505405405405405,model_209,1.0726125131923094
1.0732882646977222,1.0960014564108673,1.1191537696554499,11.524774774774775,model_209,1.0742580590794877
1.0750811574001913,1.0977344796101185,1.120849530529007,11.544144144144145,model_209,1.0759058846080125
1.0767095713608097,1.0994972574165054,1.1226021829955393,11.563513513513513,model_209,1.077556139259464
1.0783379853214283,1.1012451579193248,1.1244006332819785,11.582882882882883,model_209,1.0792086151052847
1.079966399282047,1.102993058422144,1.126199083568418,11.602252252252253,model_209,1.0808634403634405
1.0815948132426654,1.1047409589249628,1.127997533854857,11.621621621621621,model_209,1.082520686782673
1.083223227203284,1.106488859427782,1.1297959841412961,11.640990990990991,model_209,1.084180187906603
1.084870864812075,1.1082367599306013,1.1315944344277356,11.660360360360361,model_209,1.0858420910180568
1.0866198336708788,1.10996942023299,1.1333790220769766,11.67972972972973,model_209,1.0875064256001488
1.0883688025296825,1.1116663973944383,1.135191335000614,11.699099099099099,model_209,1.0891730490180103
1.0901177713884864,1.1133633745558864,1.1369897852870532,11.718468468468469,model_209,1.0908421093507301
1.0918667402472901,1.1151200186595913,1.1387882355734922,11.737837837837837,model_209,1.0925136302105214
1.0936157091060938,1.116880045636855,1.1405866858599316,11.757207207207207,model_209,1.0941874746719038
1.0953646779648976,1.1185868354555344,1.1423851361463708,11.776576576576577,model_209,1.095863772863773
1.0971136468237013,1.120333995402908,1.1442331241439478,11.795945945945945,model_209,1.0975425798738894
1.098862615682505,1.1220811553502819,1.1459820367192493,11.815315315315315,model_209,1.0992237459005487
1.100611584541309,1.1238220908778502,1.1477804870056885,11.834684684684685,model_209,1.1009073638856248
1.1023605534001124,1.1254900379231256,1.1495789372921277,11.854054054054053,model_209,1.10259355871551
1.1041095222589163,1.1272609228992918,1.151377387578567,11.873423423423423,model_209,1.1042821486407874
1.1057668633164541,1.1289917935429012,1.153175837865006,11.892792792792793,model_209,1.1059731696762265
1.107382749055529,1.1307091164360847,1.1549786200104843,11.912162162162161,model_209,1.1076668558322103
1.108998634794604,1.132429781148737,1.1567727384378845,11.931531531531531,model_209,1.1093629738415014
1.1106145205336788,1.1341687687305302,1.158570148571371,11.950900900900901,model_209,1.1110615365145655
1.1122304062727537,1.1358086558276588,1.1603085627821723,11.97027027027027,model_209,1.1127627654016055
1.1138625623958367,1.1375702731496768,1.1620469769929738,11.98963963963964,model_209,1.114466517573912
1.1156102392381462,1.1392256775810337,1.1637853912037754,12.00900900900901,model_209,1.1161727521171967
1.1173579160804556,1.1409342170675238,1.1655238054145767,12.028378378378378,model_209,1.1178815867942082
1.1191055929227651,1.142638683672369,1.16734940623604,12.047747747747747,model_209,1.1195930811448052
1.1208532697650746,1.144416369876626,1.1691842305751192,12.067117117117117,model_209,1.1213070962902671
1.1226009466073839,1.1461859789452038,1.1710190549141983,12.086486486486486,model_209,1.1230236456509748
1.1243486234496933,1.147940293452713,1.1728538792532774,12.105855855855856,model_209,1.1247429712127759
1.1260963002920028,1.1496918125490103,1.1746679071493258,12.125225225225226,model_209,1.1264648776890769
1.1278439771343123,1.1514651296977987,1.1763928457130877,12.144594594594594,model_209,1.1281893578070048
1.129593722459454,1.1531835935129902,1.1781627102205008,12.163963963963964,model_209,1.1299164999075793
1.1313832061012776,1.1549420179258867,1.179933128565276,12.183333333333334,model_209,1.1316464104855526
1.1331726897431014,1.1566200444109025,1.1817452436383413,12.202702702702704,model_209,1.133378934888335
1.1349621733849249,1.1583531955270336,1.1834849815253468,12.222072072072072,model_209,1.1351140871813516
1.1367516570267484,1.160137943496083,1.1852247194123522,12.241441441441442,model_209,1.1368520144920504
1.138541140668572,1.1619226914651326,1.1869644572993578,12.260810810810812,model_209,1.1385926988139219
1.1402904123762891,1.1636963572990477,1.1887041951863633,12.28018018018018,model_209,1.1403360522684847
1.141990949319823,1.165455484415686,1.190443933073369,12.29954954954955,model_209,1.142082089309526
1.143691486263357,1.1670996856965181,1.1921836709603746,12.31891891891892,model_209,1.1438309773187822
1.1453920232068906,1.168850984904564,1.19392340884738,12.338288288288288,model_209,1.145582650523827
1.1470925601504245,1.1705266079642822,1.1956084660282804,12.357657657657658,model_209,1.1473370496516462
1.1488160992420258,1.1721581131775574,1.197241060500999,12.377027027027028,model_209,1.149094189557405
1.150563776084335,1.1737896183908323,1.1988736549737178,12.396396396396396,model_209,1.1508542178542178
1.1523114529266445,1.1754211236041074,1.2005419856057575,12.415765765765766,model_209,1.1526171007072648
1.1540123558025488,1.177147668400665,1.2023016047196076,12.435135135135136,model_209,1.1543827678043006
1.1556216000400494,1.1788900111469898,1.2040741954140888,12.454504504504504,model_209,1.1561512344154026
1.1572308442775503,1.1806249346415725,1.206059826556864,12.473873873873874,model_209,1.1579225868137122
1.1588486653936096,1.1823797132258975,1.208045960478546,12.493243243243244,model_209,1.1596969058884734
1.1604493327525516,1.1841344918102223,1.210032094400228,12.512612612612612,model_209,1.1614740691104326
1.1620585769900524,1.1858403440867598,1.21201822832191,12.531981981981982,model_209,1.1632540921786552
1.1636678212275533,1.1875205878901924,1.2140008657444912,12.551351351351352,model_209,1.1650369909079588
1.1652770654650537,1.1893008186301066,1.2157546851086982,12.57072072072072,model_209,1.1668229447159337
1.1669536667510456,1.1910810493700208,1.2175751298474702,12.59009009009009,model_209,1.168611838270803
1.1686812281411139,1.1928243167947563,1.2194582936706053,12.60945945945946,model_209,1.1704036536536537
1.1703783709142541,1.1945640524164167,1.221234859668229,12.628828828828828,model_209,1.1721984071269784
1.172099252466435,1.1963514022920465,1.2230114256658526,12.648198198198198,model_209,1.1739961186813554
1.173820134018616,1.1981387521676763,1.2247879916634763,12.667567567567568,model_209,1.1757969830295412
1.17553785253705,1.1998795123821138,1.226588682603617,12.686936936936936,model_209,1.1776008328925383
1.1771866617777493,1.2016017882801004,1.2284799934586688,12.706306306306306,model_209,1.1794076849959203
1.178835471018449,1.203377367199229,1.2304307850467304,12.725675675675676,model_209,1.1812175561904281
1.1804842802591484,1.2051529461183574,1.2323815766347916,12.745045045045044,model_209,1.1830304634531439
1.1821330894998479,1.206876927931274,1.234319633076852,12.764414414414414,model_209,1.184846567956324
1.1837818987405475,1.2086080913110535,1.236076565084211,12.783783783783784,model_209,1.1866657691526112
1.1854307079812467,1.210361087597675,1.2378334970915694,12.803153153153152,model_209,1.1884880558524626
1.1870795172219464,1.2120473757403678,1.2395904290989284,12.822522522522522,model_209,1.1903134455209927
1.188728326462646,1.213775284502352,1.2414825137720773,12.841891891891892,model_209,1.1921419557553774
1.1903771357033452,1.2155070905199303,1.2433973679563646,12.86126126126126,model_209,1.1939736292583973
1.192025944944045,1.2171875144769506,1.2452236088577338,12.88063063063063,model_209,1.1958085905811024
1.1936747541847443,1.2188679384339707,1.247179628608578,12.9,model_209,1.1976467236467236
1.1953235634254438,1.2205736666023055,1.249135648359422,12.919369369369369,model_209,1.1994880465622615
1.1969723726661434,1.222229738668487,1.2510916681102662,12.938738738738738,model_209,1.2013325775728063
1.1986211819068429,1.2239556215946323,1.2530476878611105,12.958108108108108,model_209,1.2031803350628567
1.2002699911475423,1.225709494044544,1.254896415404009,12.977477477477477,model_209,1.2050313375576533
1.2019188003882417,1.2274633664944559,1.2566220401820205,12.996846846846847,model_209,1.2068857132995066
1.2035676096289412,1.229156144867324,1.2585210899074986,13.016216216216216,model_209,1.2087433988691187
1.2052164188696408,1.2308057595238049,1.2602970366160675,13.035585585585585,model_209,1.2106043832293831
1.206943127175746,1.232459525523461,1.262072983324637,13.054954954954955,model_209,1.212468685448454
1.2085589446596465,1.2342292520507057,1.2638489300332063,13.074324324324325,model_209,1.21433632474173
1.210174762143547,1.2359745325970337,1.2656146948942817,13.093693693693695,model_209,1.216207320473278
1.2118116558324386,1.2376463833168732,1.26737216729628,13.113063063063063,model_209,1.2180816921572735
1.2134604650731382,1.2393263242375736,1.2691296396982787,13.132432432432433,model_209,1.2199594987810314
1.2151092743138379,1.2410810321561017,1.2708871121002774,13.151801801801803,model_209,1.221840797065287
1.216758083554537,1.2428594561589135,1.2726445845022758,13.17117117117117,model_209,1.2237255278647683
1.2184068927952367,1.2445936940387394,1.2744020569042744,13.19054054054054,model_209,1.2256137112722478
1.2200557020359362,1.2463279319185652,1.2763073789936714,13.20990990990991,model_209,1.2275053675376257
1.2217045112766356,1.2480120142612683,1.2781642687517252,13.229279279279279,model_209,1.229400517069469
1.2233533205173353,1.2496908798098763,1.2799105776036448,13.248648648648649,model_209,1.23129918043657
1.2250021297580347,1.2514118019465936,1.2816568864555644,13.268018018018019,model_209,1.2332013783695202
1.2266509389987341,1.2531546609882795,1.2834553311412449,13.287387387387387,model_209,1.2351071317623041
1.2282997482394336,1.2548923561653964,1.2854368604759219,13.306756756756757,model_209,1.237016461673915
1.2299485574801332,1.2566431640328852,1.2874183898105986,13.326126126126127,model_209,1.2389294591033722
1.2315973667208326,1.2583674002514496,1.2893999191452754,13.345495495495495,model_209,1.2408460886629205
1.233246175961532,1.2601456259911186,1.2913814484799524,13.364864864864865,model_209,1.2427663556413557
1.2348949852022315,1.2618825526724295,1.2933629778146294,13.384234234234235,model_209,1.2446902817330254
1.236543794442931,1.2636470218874005,1.295344507149306,13.403603603603603,model_209,1.2466178888051398
1.2381926036836304,1.2653664126028947,1.297326036483983,13.422972972972973,model_209,1.2485491988994983
1.23984141292433,1.2671048268136962,1.2990977298269653,13.442342342342343,model_209,1.2504842342342342
1.2414902221650295,1.268803248761036,1.3008355726471512,13.461711711711711,model_209,1.2524230172055821
1.2431303727530683,1.2705099881961077,1.3025734154673372,13.481081081081081,model_209,1.2543655703896668
1.2447353157283938,1.2723341613160455,1.3043112582875236,13.500450450450451,model_209,1.2563119165443108
1.246340258703719,1.2740804022204566,1.3060491011077096,13.51981981981982,model_209,1.258262078610869
1.2479452016790442,1.275809975875605,1.3079079284018453,13.53918918918919,model_209,1.2602160797160795
1.2495501446543698,1.2775485012189811,1.3099117693032145,13.558558558558559,model_209,1.2621739431739434
1.2511550876296949,1.2793081294746993,1.3119156102045832,13.577927927927927,model_209,1.2641356924876195
1.2527600306050204,1.2810677577304177,1.3139194511059522,13.597297297297297,model_209,1.2661013513513515
1.2543649735803457,1.2828273859861359,1.3159232920073212,13.616666666666667,model_209,1.26807094365241
1.2559699165556708,1.284587014241854,1.317805002040527,13.636036036036035,model_209,1.2700444934730648
1.2575748595309963,1.286338213418711,1.319639826379606,13.655405405405405,model_209,1.2720220250925773
1.2591798025063217,1.2880637094671876,1.3215315496813318,13.674774774774775,model_209,1.2740035629892188
1.260784745481647,1.2897892055156641,1.3235206714921954,13.694144144144143,model_209,1.275989142989143
1.2623896884569723,1.2915147015641408,1.325509793303059,13.713513513513513,model_209,1.2779787783672676
1.2639946314322976,1.2932401976126173,1.3274989151139232,13.732882882882883,model_209,1.2799724905131702
1.265599574407623,1.2949656936610938,1.3294880369247866,13.752252252252251,model_209,1.281970304669995
1.2672045173829483,1.2966911897095705,1.3314771587356504,13.771621621621621,model_209,1.283972246289723
1.2688094603582736,1.2984443309044436,1.3334662805465143,13.790990990990991,model_209,1.285978341035336
1.270414403333599,1.3002440110449993,1.335455402357378,13.81036036036036,model_209,1.2879886147830073
1.2720193463089242,1.302043691185555,1.3374445241682418,13.82972972972973,model_209,1.2900030968468468
1.273626140500132,1.3038433713261108,1.3394336459791056,13.8490990990991,model_209,1.2920218266282983
1.2753451143090873,1.3056430514666664,1.3414227677899693,13.868468468468468,model_209,1.2940448188774547
1.277064088118043,1.307344856500754,1.3434118896008331,13.887837837837838,model_209,1.296072100402289
1.2787830619269989,1.3090681627600376,1.3453785153864288,13.907207207207207,model_209,1.2981036982360512
1.2805020357359544,1.3108616510114406,1.3473379497693356,13.926576576576576,model_209,1.3001396396396396
1.28222100954491,1.3126168108976177,1.349221652923502,13.945945945945946,model_209,1.3021799521040027
1.2839399833538656,1.3143423163540204,1.3510423078483502,13.965315315315316,model_209,1.3042246633525703
1.2856047558934567,1.3160678218104231,1.3528629627731987,13.984684684684686,model_209,1.3062738013437167
1.2872291496583865,1.317781557738614,1.354683617698047,14.004054054054054,model_209,1.308327394273254
1.2888535434233164,1.3194283784309921,1.3565042726228953,14.023423423423424,model_209,1.31038547057696
1.2904779371882462,1.3211134005311114,1.3584933787185363,14.042792792792794,model_209,1.3124480589331338
1.292102330953176,1.3228170437046602,1.3604243183593177,14.062162162162162,model_209,1.3145151882651882
1.293726724718106,1.3245813963792787,1.362202012300062,14.081531531531532,model_209,1.3165868877442752
1.2953511184830357,1.3263457490538972,1.3639797062408063,14.100900900900902,model_209,1.3186631867919423
1.2970205276278277,1.328084632957164,1.365757400181551,14.12027027027027,model_209,1.3207441150828247
1.2987281265111994,1.329775932116699,1.3675350941222952,14.13963963963964,model_209,1.322829702547375
1.3004357253945709,1.3314480063568488,1.3693127880630398,14.15900900900901,model_209,1.324919979374623
1.3021433242779423,1.3331771830547832,1.3710904820037841,14.178378378378378,model_209,1.3270149922403442
1.3038509231613138,1.3348814935476592,1.3728681759445285,14.197747747747748,model_209,1.3291148477467696
1.3055585220446853,1.3366095099711983,1.374645869885273,14.217117117117118,model_209,1.3312194904371184
1.3072661209280567,1.3383194445877427,1.3764235638260174,14.236486486486486,model_209,1.333328951634295
1.3089737198114282,1.3400252465261726,1.3782012577667617,14.255855855855856,model_209,1.3354432629350663
1.3106813186947996,1.341775365430218,1.379978951707506,14.275225225225226,model_209,1.3375624562130588
1.312388917578171,1.343533840698805,1.3817566456482504,14.294594594594594,model_209,1.3396865636217996
1.314037828755807,1.3452640744562352,1.383534339588995,14.313963963963964,model_209,1.3418156175977958
1.3156866379965064,1.3469368413590284,1.3853120335297393,14.333333333333334,model_209,1.3439496508636533
1.3173354472372059,1.3486479668282918,1.3870945520509506,14.352702702702702,model_209,1.346088794546759
1.3189842564779055,1.3503822047081178,1.3890752648236688,14.372072072072072,model_209,1.3482330456842653
1.320633065718605,1.3521164425879437,1.3910559775963873,14.391441441441442,model_209,1.3503823823823824
1.3222818749593044,1.3538506804677695,1.3930366903691054,14.41081081081081,model_209,1.3525368386203576
1.3239306842000038,1.3555962128624395,1.3950174031418239,14.43018018018018,model_209,1.3546964486808237
1.3255794934407035,1.3573685024709436,1.3969981159145424,14.44954954954955,model_209,1.3568612471531936
1.327228302681403,1.3591407920794476,1.3989788286872604,14.468918918918918,model_209,1.3590313040313038
1.3288771119221023,1.3609130816879518,1.400959541459979,14.488288288288288,model_209,1.3612067815847344
1.3305259211628018,1.3626564691332974,1.4029402542326972,14.507657657657658,model_209,1.3633875600515961
1.3321747304035012,1.3643819745897001,1.4049209670054155,14.527027027027026,model_209,1.3655736753702856
1.3338235396442009,1.3661365382309367,1.4069016797781337,14.546396396396396,model_209,1.3677651638048014
1.3354723488849003,1.3679093201838224,1.4088823925508522,14.565765765765766,model_209,1.3699620619484412
1.3371211581255997,1.3695907481365612,1.4108631053235703,14.585135135135134,model_209,1.3721645939789446
1.3387699673662992,1.3713451596273056,1.4128438180962888,14.604504504504504,model_209,1.3743726603315645
1.3404187766069988,1.3731131308356688,1.4147908712718138,14.623873873873874,model_209,1.3765862555919763
1.3420675858476983,1.3748811020440317,1.4166464633100226,14.643243243243242,model_209,1.3788054178031242
1.3437163950883977,1.3766248539333614,1.4185020553482317,14.662612612612612,model_209,1.3810302200935112
1.3453652043290973,1.3783503069752898,1.4203576473864405,14.681981981981982,model_209,1.3832608975757765
1.3470140135697966,1.3800757600172182,1.4222132394246494,14.70135135135135,model_209,1.3854972660521792
1.3486628228104962,1.3818012130591468,1.4240688314628582,14.72072072072072,model_209,1.387739365089307
1.3503116320511956,1.3835779237477392,1.4259244235010673,14.74009009009009,model_209,1.3899872346213809
1.351960441291895,1.3853683665892433,1.427780015539276,14.759459459459459,model_209,1.3922411957411958
1.3536092505325947,1.387101708022329,1.429635607577485,14.778828828828829,model_209,1.394501031405237
1.3552580597732942,1.388800011942537,1.431491199615694,14.798198198198198,model_209,1.396766767938899
1.3569068690139936,1.3905696683472235,1.4333467916539027,14.817567567567567,model_209,1.3990384920760948
1.358555678254693,1.39234250742361,1.4352023836921117,14.836936936936937,model_209,1.4013164825602988
1.3602044874953927,1.3941153464999967,1.4370579757303206,14.856306306306307,model_209,1.4036005084186902
1.3618532967360921,1.3958835790721724,1.4389135677685296,14.875675675675677,model_209,1.4058906125059971
1.3635021059767916,1.3976605422980388,1.4407691598067383,14.895045045045045,model_209,1.4081870599815967
1.365150915217491,1.3994375055239054,1.4426487742454082,14.914414414414415,model_209,1.4104898112398112
1.3667997244581906,1.4011696950982748,1.4445991108531753,14.933783783783785,model_209,1.4127987808811198
1.36844853369889,1.4028725902027395,1.4465494474609422,14.953153153153153,model_209,1.415114150078222
1.3700973429395895,1.404768395201505,1.448499784068709,14.972522522522523,model_209,1.4174360771335561
1.3717461521802892,1.406594264570317,1.4504501206764762,14.991891891891893,model_209,1.419764367255342
1.3738869919242416,1.4085571600041171,1.452400457284243,15.01126126126126,model_209,1.4220991861426644
1.3762067542943601,1.4110094812765144,1.4543507938920102,15.03063063063063,model_209,1.4244407543136357
1.3788123089158648,1.4135966626910468,1.4568534105504867,15.05,model_209,1.4267888349514564
1.3813968848654519,1.416183844105579,1.4594219657816607,15.069369369369369,model_209,1.429143650349497
1.3839813828948597,1.4187710255201116,1.461990521012835,15.088738738738739,model_209,1.4315053405053404
1.3865658809242676,1.421358206934644,1.4645590762440093,15.108108108108109,model_209,1.433873697442853
1.3891503789536752,1.4239453883491764,1.4671276314751835,15.127477477477477,model_209,1.4362490758571838
1.3917348769830833,1.4265325697637088,1.4696961867063578,15.146846846846847,model_209,1.438631385079661
1.3943193750124911,1.4291197511782414,1.472264741937532,15.166216216216217,model_209,1.4410205458858119
1.3969038730418988,1.4317069325927736,1.4748332971687061,15.185585585585585,model_209,1.4434170490192795
1.3994883710713066,1.4342895505407927,1.4774018523998806,15.204954954954955,model_209,1.445820491298752
1.4020728691007145,1.4368612413381803,1.479970407631055,15.224324324324325,model_209,1.4482312125092676
1.4046573671301221,1.4394329321355677,1.482538962862229,15.243693693693693,model_209,1.4506492117117118
1.4072418651595302,1.4420046229329555,1.4851075180934032,15.263063063063063,model_209,1.4530744119276113
1.409826363188938,1.4445763137303431,1.4876760733245777,15.282432432432433,model_209,1.4555072242053375
1.4124108612183457,1.4471480045277305,1.4902446285557518,15.301801801801801,model_209,1.4579472637833293
1.4149953592477535,1.4497196953251184,1.492813183786926,15.321171171171171,model_209,1.460395084958376
1.4175798572771614,1.452302819348434,1.4953817390181003,15.340540540540541,model_209,1.462850322403622
1.420164355306569,1.4548630769198934,1.4979502942492744,15.35990990990991,model_209,1.4653133643197338
1.422748853335977,1.4574347677172812,1.500518849480449,15.37927927927928,model_209,1.4677840714277497
1.4253325913038069,1.4600064585146688,1.5030874047116232,15.39864864864865,model_209,1.4702626472626474
1.4279162246591521,1.4625781493120562,1.5056559599427972,15.418018018018017,model_209,1.47274910257301
1.4304998580144976,1.465149840109444,1.5082245151739715,15.437387387387387,model_209,1.4752435338564371
1.4330834913698431,1.4677215309068317,1.510793070405146,15.456756756756757,model_209,1.4777460228663335
1.4356671247251884,1.470293221704219,1.51336162563632,15.476126126126125,model_209,1.4802566397566397
1.4382507580805342,1.472864912501607,1.5159301808674943,15.495495495495495,model_209,1.4827754551426426
1.4408343914358797,1.4754366032989945,1.5184987360986686,15.514864864864865,model_209,1.4853025967143616
1.443418024791225,1.478008294096382,1.5210672913298429,15.534234234234233,model_209,1.4878380385628092
1.4460016581465704,1.4805799848937697,1.5236358465610171,15.553603603603603,model_209,1.4903820531057372
1.448585291501916,1.4831516756911574,1.5262044017921914,15.572972972972973,model_209,1.4929344291521074
1.4511689248572615,1.4857233664885447,1.5287729570233655,15.592342342342342,model_209,1.4954956744824295
1.453752558212607,1.4882974369245905,1.53134151225454,15.611711711711711,model_209,1.4980653871957064
1.4563361915679525,1.4909012113607663,1.5339100674857142,15.631081081081081,model_209,1.5006441441441443
1.4589198249232977,1.493504985796942,1.5364786227168883,15.65045045045045,model_209,1.5032267267267265
1.4615034582786433,1.496103874927499,1.5390471779480626,15.66981981981982,model_209,1.5058093093093092
1.464087091633989,1.498674675246811,1.541615733179237,15.68918918918919,model_209,1.508391891891892
1.4666707249893343,1.5012454755661226,1.544184288410411,15.708558558558558,model_209,1.5109744744744742
1.4692543583446798,1.5038162758854343,1.5467528436415854,15.727927927927928,model_209,1.513557057057057
1.4718543158947255,1.5063870762047462,1.5493213988727597,15.747297297297298,model_209,1.5161396396396396
1.4744388139241331,1.5089578765240579,1.5518899541039337,15.766666666666666,model_209,1.5187222222222219
1.4770233119535412,1.5115286768433698,1.5544585093351082,15.786036036036036,model_209,1.5213048048048048
1.479607809982949,1.5140994771626817,1.5570270645662825,15.805405405405406,model_209,1.5238873873873873
1.482192308012357,1.5166702774819936,1.5595956197974568,15.824774774774776,model_209,1.5264699699699702
1.484767901821717,1.519255048200836,1.5621641750286308,15.844144144144144,model_209,1.5290525525525525
1.487339791832098,1.521865375972906,1.5647327302598053,15.863513513513514,model_209,1.531635135135135
1.4899234251874436,1.5244757037449759,1.5673012854909796,15.882882882882884,model_209,1.5342177177177179
1.492507058542789,1.5270728191551977,1.5698698407221536,15.902252252252252,model_209,1.5368003003003001
1.4950906918981346,1.5296491754667099,1.572438395953328,15.921621621621622,model_209,1.539382882882883
1.49767432525348,1.532225531778222,1.5750069511845024,15.940990990990992,model_209,1.5419654654654655
1.5002579586088254,1.5348018880897338,1.5775755064156765,15.96036036036036,model_209,1.544548048048048
1.5028415919641709,1.537378244401246,1.5801440616468507,15.97972972972973,model_209,1.5471306306306307
1.5054252253195166,1.5399546007127582,1.582712616878025,15.9990990990991,model_209,1.5497132132132134
1.5080088586748621,1.5425309570242705,1.5852811721091995,16.01846846846847,model_209,1.5522957957957961
1.5105924920302074,1.5451073133357822,1.5878497273403736,16.037837837837838,model_209,1.5548783783783784
1.5131761253855527,1.5476836696472942,1.5904182825715476,16.057207207207206,model_209,1.5574609609609606
1.5157597587408984,1.5502600259588066,1.592986837802722,16.076576576576578,model_209,1.5600435435435436
1.5183433920962437,1.5528363822703186,1.5955553930338962,16.095945945945946,model_209,1.5626261261261263
1.5209270254515892,1.5554127385818304,1.5981239482650704,16.115315315315314,model_209,1.5652087087087085
1.523510658806935,1.5579890948933428,1.600692503496245,16.134684684684686,model_209,1.5677912912912915
1.5260942921622802,1.5605420813049609,1.603261058727419,16.154054054054054,model_209,1.5703738738738737
1.5286779255176255,1.5630923159362802,1.605829613958593,16.173423423423422,model_209,1.5729564564564564
1.5312615588729712,1.5656425505676,1.6083981691897677,16.192792792792794,model_209,1.5755390390390394
1.5338451922283167,1.5681927851989192,1.6109667244209418,16.212162162162162,model_209,1.5781216216216216
1.536428825583662,1.5707430198302386,1.6135352796521159,16.23153153153153,model_209,1.5807042042042039
1.5390124589390077,1.5732932544615583,1.6161038348832903,16.250900900900902,model_209,1.5832867867867868
1.541596092294353,1.5758434890928776,1.6186723901144646,16.27027027027027,model_209,1.5858693693693695
1.5441797256496983,1.578393723724197,1.6212409453456387,16.28963963963964,model_209,1.588451951951952
1.5467633590050442,1.5809439583555167,1.6238095005768132,16.30900900900901,model_209,1.5910345345345347
1.5493469923603895,1.5835633898550594,1.6263780558079872,16.32837837837838,model_209,1.593617117117117
1.5519306257157348,1.5861828789499557,1.6289466110391615,16.347747747747746,model_209,1.5961996996996994
1.5545142590710805,1.5888023680448522,1.631515166270336,16.367117117117118,model_209,1.5987822822822826
1.5570978924264258,1.5914218571397485,1.63408372150151,16.386486486486486,model_209,1.601364864864865
1.5596815257817713,1.5939885322628777,1.636652276732684,16.405855855855854,model_209,1.6039474474474473
1.562265159137117,1.5965379868470562,1.6392208319638586,16.425225225225226,model_209,1.60653003003003
1.5648487924924623,1.5991243340645682,1.6417893871950329,16.444594594594594,model_209,1.6091126126126123
1.5674324258478076,1.6017222567507097,1.644357942426207,16.463963963963963,model_209,1.6116951951951952
1.5700160592031533,1.6043201794368516,1.6469264976573814,16.483333333333334,model_209,1.6142777777777781
1.5725996925584989,1.6069201990151925,1.6494950528885557,16.502702702702702,model_209,1.6168603603603604
1.5751833259138441,1.609516221123584,1.6520636081197297,16.52207207207207,model_209,1.6194429429429427
1.5777669592691899,1.6120925774350965,1.6546321633509042,16.541441441441442,model_209,1.6220255255255256
1.5803505926245351,1.6146689337466085,1.6572007185820783,16.56081081081081,model_209,1.6246081081081083
1.5829342259798804,1.6172452900581205,1.6597692738132523,16.58018018018018,model_209,1.6271906906906906
1.5855178593352264,1.6198044215883463,1.662337829044427,16.59954954954955,model_209,1.6297732732732733
1.5881014926905717,1.6223926054234277,1.6649063842756011,16.61891891891892,model_209,1.6323558558558555
1.590685126045917,1.6249743589926566,1.6674749395067752,16.638288288288287,model_209,1.634938438438438
1.5932687594012627,1.627550715304169,1.6700434947379497,16.65765765765766,model_209,1.6375210210210212
1.595852392756608,1.630127071615681,1.672612049969124,16.677027027027027,model_209,1.6401036036036036
1.5984360261119535,1.6327034279271928,1.675180605200298,16.696396396396395,model_209,1.642686186186186
1.6010196594672992,1.6352797842387052,1.6777491604314725,16.715765765765767,model_209,1.6452687687687688
1.6036032928226445,1.6378561405502172,1.6803177156626465,16.735135135135135,model_209,1.6478513513513513
1.6061869261779897,1.6404324968617292,1.6828862708938208,16.754504504504503,model_209,1.6504339339339338
1.6087705595333355,1.6430088531732414,1.6854548261249953,16.773873873873875,model_209,1.6530165165165167
1.6113541928886808,1.6455852094847534,1.6880233813561694,16.793243243243243,model_209,1.655599099099099
1.613937826244026,1.6481615657962654,1.6905919365873434,16.81261261261261,model_209,1.6581816816816812
1.616521459599372,1.6507379221077778,1.6931604918185181,16.831981981981983,model_209,1.6607642642642644
1.6191050929547173,1.6533142784192898,1.6957290470496922,16.85135135135135,model_209,1.6633468468468469
1.6216887263100626,1.6558906347308016,1.6982976022808662,16.87072072072072,model_209,1.6659294294294291
1.6242723596654083,1.658466991042314,1.7008661575120407,16.89009009009009,model_209,1.668512012012012
1.6268559930207536,1.661043347353826,1.7034347127432148,16.90945945945946,model_209,1.6710945945945943
1.629439626376099,1.6636197036653377,1.706003267974389,16.928828828828827,model_209,1.673677177177177
1.6320232597314448,1.6661960599768504,1.7085718232055636,16.9481981981982,model_209,1.67625975975976
1.63460689308679,1.6687724162883621,1.7111403784367376,16.967567567567567,model_209,1.6788423423423422
1.6371905264421354,1.6713487725998741,1.7137089336679119,16.986936936936935,model_209,1.6814249249249247
1.639774159797481,1.6739251289113866,1.7162774888990864,17.006306306306307,model_209,1.6840075075075074
1.6423375996930911,1.6765014852228983,1.7188460441302604,17.025675675675675,model_209,1.6865900900900903
1.6448957516458473,1.6790778415344103,1.7214145993614345,17.045045045045043,model_209,1.6891726726726726
1.647453903598604,1.6816541978459227,1.723983154592609,17.064414414414415,model_209,1.6917552552552553
1.65001205555136,1.6842305541574347,1.7265517098237833,17.083783783783783,model_209,1.6943378378378375
1.6525702075041162,1.6868069104689467,1.7291202650549573,17.10315315315315,model_209,1.69692042042042
1.6551283594568729,1.689383266780459,1.7316888202861318,17.122522522522523,model_209,1.6995030030030032
1.6576865114096289,1.691959623091971,1.734257375517306,17.14189189189189,model_209,1.7020855855855854
1.6602446633623855,1.6945359794034833,1.7368259307484806,17.161261261261263,model_209,1.7046681681681684
1.6628028153151417,1.697112335714995,1.7393944859796546,17.18063063063063,model_209,1.7072507507507508
1.665360967267898,1.699688692026507,1.7419630412108287,17.2,model_209,1.709833333333333
1.6679191192206546,1.7022650483380195,1.7445315964420032,17.21936936936937,model_209,1.7124159159159162
1.6704772711734108,1.7048414046495315,1.7471001516731772,17.23873873873874,model_209,1.7149984984984987
1.6730354231261668,1.7074177609610435,1.7496687069043515,17.258108108108107,model_209,1.717581081081081
1.6755935750789235,1.7099941172725557,1.752237262135526,17.27747747747748,model_209,1.7201636636636637
1.6781517270316797,1.7125704735840677,1.7548058173667,17.296846846846847,model_209,1.7227462462462464
1.6807098789844357,1.7151468298955796,1.7573743725978743,17.316216216216215,model_209,1.7253288288288289
1.6832680309371923,1.717723186207092,1.7599429278290488,17.335585585585587,model_209,1.7279114114114116
1.6858261828899486,1.720299542518604,1.7625114830602229,17.354954954954955,model_209,1.730493993993994
1.6883843348427048,1.7228758988301158,1.765080038291397,17.374324324324323,model_209,1.7330765765765763
1.690966572985511,1.7254522551416283,1.7676485935225714,17.393693693693695,model_209,1.7356591591591595
1.6935575483446574,1.7280286114531402,1.7702171487537457,17.413063063063063,model_209,1.738241741741742
1.6961485237038039,1.730604967764652,1.7727857039849197,17.43243243243243,model_209,1.7408243243243242
1.6987394990629505,1.7331813240761644,1.7753542592160942,17.451801801801803,model_209,1.7434069069069071
1.701330474422097,1.7357576803876764,1.7779228144472683,17.47117117117117,model_209,1.7459894894894894
1.7039214497812432,1.7383340366991884,1.7804913696784426,17.49054054054054,model_209,1.7485720720720723
1.70651242514039,1.7409103930107008,1.783059924909617,17.50990990990991,model_209,1.7511546546546548
1.7091034004995365,1.7434867493222126,1.7856284801407911,17.52927927927928,model_209,1.7537372372372373
1.711694375858683,1.7460631056337246,1.7881970353719652,17.548648648648648,model_209,1.7563198198198195
1.7142803100436652,1.748639461945237,1.79076559060314,17.56801801801802,model_209,1.7589024024024023
1.7168385170903568,1.751215818256749,1.793334145834314,17.587387387387388,model_209,1.7614849849849852
1.7193967241370482,1.7537921745682608,1.795902701065488,17.606756756756756,model_209,1.7640675675675674
1.72195493118374,1.7563685308797732,1.7984712562966627,17.626126126126128,model_209,1.7666501501501504
1.7245131382304315,1.7589448871912852,1.8010398115278368,17.645495495495496,model_209,1.7692327327327326
1.727071345277123,1.7615212435027972,1.8036083667590108,17.664864864864864,model_209,1.7718153153153149
1.7296295523238148,1.7640975998143094,1.8061769219901853,17.684234234234236,model_209,1.7743978978978983
1.7321877593705064,1.7666686841903978,1.8087454772213594,17.703603603603604,model_209,1.7769804804804805
1.7347459664171978,1.7692290249847915,1.8113140324525334,17.722972972972972,model_209,1.7795630630630628
1.7373041734638899,1.771806120648101,1.8138825876837081,17.742342342342344,model_209,1.7821456456456457
1.7398623805105813,1.7743609409848857,1.8164511429148822,17.761711711711712,model_209,1.784728228228228
1.7424205875572727,1.7769157613216704,1.819028370275536,17.78108108108108,model_209,1.787310810810811
1.7449787946039645,1.7794705816584555,1.8216215118915964,17.80045045045045,model_209,1.7898933933933936
1.747537001650656,1.7820254019952402,1.8242146535076562,17.81981981981982,model_209,1.7924759759759759
1.7500952086973476,1.784591069751155,1.8268077951237158,17.839189189189188,model_209,1.7950585585585581
1.7526534157440394,1.7871514105455493,1.8294009367397763,17.85855855855856,model_209,1.7976411411411415
1.7552116227907308,1.7896954201539517,1.831994078355836,17.877927927927928,model_209,1.800223723723724
1.7577698298374222,1.7922446833423795,1.8345872199718958,17.897297297297296,model_209,1.8028063063063062
1.7603280368841143,1.7947995036791649,1.837180361587956,17.916666666666668,model_209,1.805388888888889
1.7628862439308057,1.7973543240159495,1.839773503204016,17.936036036036036,model_209,1.8079714714714714
1.7654444509774971,1.7999355928607592,1.8423666448200757,17.955405405405404,model_209,1.810554054054054
1.768002658024189,1.8025134553119126,1.844959786436136,17.974774774774776,model_209,1.8131366366366368
1.7705608650708806,1.8050737961063064,1.8475529280521958,17.994144144144144,model_209,1.8157192192192193
1.773119072117572,1.8076341369007,1.8501460696682557,18.013513513513512,model_209,1.8183018018018016
1.7756772791642639,1.8101944776950942,1.852739211284316,18.032882882882884,model_209,1.8208843843843843
1.7782354862109555,1.81275606175555,1.8553312906714943,18.052252252252252,model_209,1.8234669669669672
1.780793693257647,1.8153151592838819,1.8579068229187061,18.07162162162162,model_209,1.8260495495495495
1.7833519003043388,1.817875500078276,1.8604823551659186,18.090990990990992,model_209,1.8286321321321324
1.7859101073510302,1.82043584087267,1.8630578874131305,18.11036036036036,model_209,1.8312147147147146
1.7884683143977216,1.8229961816670637,1.8656334196603424,18.12972972972973,model_209,1.833797297297297
1.7910265214444137,1.8255565224614578,1.8682089519075549,18.1490990990991,model_209,1.8363798798798803
1.793584728491105,1.8281168632558515,1.8707844841547667,18.16846846846847,model_209,1.8389624624624625
1.7961429355377965,1.8306772040502453,1.8733600164019788,18.187837837837836,model_209,1.8415450450450448
1.7987011425844885,1.8332375448446396,1.875935548649191,18.207207207207208,model_209,1.8441276276276277
1.80125934963118,1.83581351826115,1.878511080896403,18.226576576576576,model_209,1.84671021021021
1.8038175566778714,1.8383955041907882,1.881086613143615,18.245945945945945,model_209,1.8492927927927927
1.8063757637245632,1.8409774901204268,1.8836621453908273,18.265315315315316,model_209,1.8518753753753756
1.8089339707712546,1.843559476050065,1.8862376776380394,18.284684684684684,model_209,1.8544579579579579
1.8114921778179462,1.846124158420879,1.8888132098852513,18.304054054054053,model_209,1.8570405405405401
1.8140981447383324,1.8486839339916261,1.8913887421324636,18.323423423423424,model_209,1.859623123123123
1.816711962369738,1.8512437095623726,1.8939642743796754,18.342792792792793,model_209,1.862205705705706
1.8193257800011438,1.853803485133119,1.8965398066268875,18.36216216216216,model_209,1.8647882882882882
1.82193959763255,1.8563865736656053,1.8991153388741,18.381531531531532,model_209,1.867370870870871
1.8245344666551144,1.858973921319208,1.9016908711213119,18.4009009009009,model_209,1.8699534534534534
1.8270899040578028,1.8615369420736396,1.9042664033685237,18.42027027027027,model_209,1.872536036036036
1.8296453414604916,1.8640999437528962,1.906841935615736,18.43963963963964,model_209,1.8751186186186188
1.8322007788631802,1.866686913814945,1.909417467862948,18.45900900900901,model_209,1.877701201201201
1.8347562162658686,1.8692738838769936,1.91199300011016,18.478378378378377,model_209,1.8802837837837834
1.8373116536685576,1.8718608539390424,1.9145685323573725,18.49774774774775,model_209,1.8828663663663663
1.839867091071246,1.8744478240010911,1.9171440646045843,18.517117117117117,model_209,1.8854489489489488
1.8424225284739344,1.8770347940631398,1.9197195968517962,18.536486486486485,model_209,1.8880315315315312
1.8449779658766234,1.8796217641251889,1.9222951290990085,18.555855855855857,model_209,1.8906141141141142
1.8475334032793118,1.8822087341872376,1.9248830904035388,18.575225225225225,model_209,1.8931966966966967
1.8500888406820004,1.884795704249286,1.927480466583452,18.594594594594593,model_209,1.895779279279279
1.8526442780846892,1.887382674311335,1.9300778427633656,18.613963963963965,model_209,1.898361861861862
1.8551997154873776,1.8899696443733838,1.932675218943279,18.633333333333333,model_209,1.9009444444444445
1.8577551528900662,1.8925566144354322,1.935272595123192,18.6527027027027,model_209,1.9035270270270268
1.860310590292755,1.8951435844974815,1.9378699713031058,18.672072072072073,model_209,1.9061096096096095
1.8628660276954436,1.89773055455953,1.940467347483019,18.69144144144144,model_209,1.908692192192192
1.865421465098132,1.9003175246215784,1.9430647236629321,18.71081081081081,model_209,1.9112747747747747
1.8679769025008208,1.9029044946836278,1.9456620998428458,18.73018018018018,model_209,1.9138573573573574
1.8705323399035094,1.9054964394784348,1.948259476022759,18.74954954954955,model_209,1.9164399399399399
1.8730877773061978,1.9080996356075388,1.9508568522026721,18.768918918918917,model_209,1.9190225225225221
1.8756432147088868,1.9107028317366432,1.953454228382586,18.78828828828829,model_209,1.921605105105105
1.8781986521115752,1.9133060278657474,1.9560516045624992,18.807657657657657,model_209,1.9241876876876878
1.8807540895142636,1.9159092239948512,1.9586489807424123,18.827027027027025,model_209,1.92677027027027
1.8833095269169526,1.9184831474091908,1.961246356922326,18.846396396396397,model_209,1.929352852852853
1.8858649643196412,1.9210502219367545,1.9638437331022391,18.865765765765765,model_209,1.9319354354354352
1.8884204017223296,1.9236172964643181,1.9664411092821523,18.885135135135133,model_209,1.9345180180180175
1.8909758391250184,1.9261872252420664,1.969038485462066,18.904504504504505,model_209,1.9371006006006009
1.8935312765277068,1.928774195304115,1.9716358616419791,18.923873873873873,model_209,1.9396831831831831
1.8960867139303959,1.9313611653661642,1.9742332378218928,18.943243243243245,model_209,1.942265765765766
1.8986421513330844,1.9339481354282126,1.976830614001806,18.962612612612613,model_209,1.9448483483483483
1.9011975887357728,1.936540352947016,1.979427990181719,18.98198198198198,model_209,1.9474309309309308
1.9037530261384616,1.9391326318211357,1.9820253663616327,19.001351351351353,model_209,1.950013513513514
1.90630846354115,1.9417249106952548,1.984622742541546,19.02072072072072,model_209,1.9525960960960962
1.9088639009438386,1.944317189569374,1.987220118721459,19.04009009009009,model_209,1.9551786786786787
1.9114193383465277,1.946904344694525,1.9898174949013727,19.05945945945946,model_209,1.9577612612612614
1.913974775749216,1.9494699558005053,1.992414871081286,19.07882882882883,model_209,1.9603438438438439
1.9165302131519044,1.952056925862554,1.9950122472611993,19.098198198198197,model_209,1.9629264264264266
1.9190856505545932,1.9546438959246029,1.997609623441113,19.11756756756757,model_209,1.9655090090090093
1.9216410879572818,1.9572308659866517,2.0002069996210263,19.136936936936937,model_209,1.9680915915915915
1.9241965253599704,1.9598178360487002,2.002804375800939,19.156306306306305,model_209,1.970674174174174
1.9267519627626593,1.9624048061107493,2.0054017519808527,19.175675675675677,model_209,1.9732567567567572
1.9293074001653476,1.964991776172798,2.0079991281607663,19.195045045045045,model_209,1.9758393393393394
1.931862837568036,1.9675787462348464,2.010596504340679,19.214414414414414,model_209,1.978421921921922
1.934418274970725,1.9701589684694978,2.013193880520593,19.233783783783785,model_209,1.9810045045045048
1.9369737123734136,1.9727310465185055,2.0157912567005063,19.253153153153153,model_209,1.983587087087087
1.939529149776102,1.975303124567513,2.0183886328804195,19.27252252252252,model_209,1.9861696696696698
1.9420845871787908,1.977875202616521,2.020986009060333,19.291891891891893,model_209,1.9887522522522527
1.9445189442459103,1.980350866731741,2.0240839946236053,19.31126126126126,model_209,1.991334834834835
1.9467576820710928,1.9815090371863175,2.024442546093381,19.33063063063063,model_209,1.9939174174174172
1.9493158340238494,1.9846206977819851,2.033428682780678,19.35,model_209,1.9965000000000002
