CI_2.5,median,CI_97.5,position,model_no,true_age
0.4914574516836027,0.5101018284946002,0.5334425642441809,0,model_8,0.5
0.4923661618415779,0.5109876962382629,0.5343163696088351,0.01001001001001001,model_8,0.5010003757537538
0.49330378409785525,0.5118735639819256,0.5351901749734893,0.02002002002002002,model_8,0.5020001282622623
0.49422695030498154,0.5127682418627132,0.5360639803381435,0.03003003003003003,model_8,0.5029992575285286
0.49515011651210783,0.5136571678866528,0.5369377857027978,0.04004004004004004,model_8,0.5039977645635636
0.49607328271923407,0.514559394037327,0.537811591067452,0.050050050050050046,model_8,0.5049956523563564
0.49699644892636036,0.5154595639676418,0.5386853964321062,0.06006006006006006,model_8,0.5059929199279279
0.4979196151334866,0.5163575492753301,0.5395299238761007,0.07007007007007007,model_8,0.5069895702662662
0.4988427813406129,0.5172590879950707,0.5402662241469436,0.08008008008008008,model_8,0.5079856033793794
0.4997659475477392,0.5181535198907063,0.5411233662066798,0.09009009009009009,model_8,0.5089810202792793
0.5006891137548655,0.5190515051983946,0.5419509859283074,0.10010010010010009,model_8,0.5099758229519519
0.501613698452276,0.5199533156313996,0.5427085023231181,0.11011011011011011,model_8,0.5109700114304304
0.5025588211764156,0.5208600362878262,0.5434818182840007,0.12012012012012012,model_8,0.5119635886756757
0.5035039439005551,0.5217571802674427,0.5443624589027888,0.13013013013013014,model_8,0.5129565537367368
0.5044490666246947,0.5226706232147196,0.5452436838957766,0.14014014014014015,model_8,0.5139489095665666
0.5053896221159863,0.5235753566801744,0.5461274512297181,0.15015015015015015,model_8,0.5149406552372372
0.5063080772264651,0.524483598628985,0.547009505793691,0.16016016016016016,model_8,0.5159317946646647
0.5072265323369438,0.5253759138056868,0.5478411501375515,0.17017017017017017,model_8,0.516922325927928
0.5081449874474226,0.5262806154962574,0.5487257076086258,0.18018018018018017,model_8,0.5179122519999999
0.5090634425579014,0.5271853171868279,0.5496102650797001,0.19019019019019018,model_8,0.5189015738838839
0.5099818976683801,0.5280900188773986,0.5504948225507744,0.20020020020020018,model_8,0.5198902925825827
0.5109003527788589,0.5289947205679691,0.5513793800218487,0.21021021021021022,model_8,0.5208784090990991
0.5118188078893376,0.5298896473939552,0.5522639374929229,0.22022022022022023,model_8,0.5218659244364364
0.5127372629998165,0.5307729579868874,0.5531484949639972,0.23023023023023023,model_8,0.5228528395975975
0.5136557181102952,0.5316915636663216,0.5540330524350715,0.24024024024024024,model_8,0.5238391556096097
0.514574173220774,0.532600898805621,0.5549176099061458,0.2502502502502503,model_8,0.5248248744284284
0.5154926283312528,0.5334854684336685,0.55580216737722,0.2602602602602603,model_8,0.5258099961061061
0.5164110834417315,0.5343764338242066,0.5566867248482943,0.2702702702702703,model_8,0.5267945225945946
0.517332007116147,0.5352860306809941,0.5575712823193686,0.2802802802802803,model_8,0.5277784539499499
0.5182559126471313,0.5361846505033315,0.5584449186711219,0.2902902902902903,model_8,0.5287617921781781
0.5191798181781158,0.537091281519489,0.559243201467571,0.3003003003003003,model_8,0.5297445391951952
0.5201037237091001,0.5380148300405451,0.5600414842640202,0.3103103103103103,model_8,0.5307266940910911
0.5210442098680504,0.538904543551804,0.5608397670604693,0.3203203203203203,model_8,0.5317082588398399
0.5219899067881949,0.5398216590155304,0.5616576918480299,0.3303303303303303,model_8,0.5326892344444444
0.5229356037083392,0.5407301181915408,0.5625594965246846,0.34034034034034033,model_8,0.5336696219419419
0.5238813006284836,0.5416244366002764,0.5634523093472726,0.35035035035035034,model_8,0.5346494232682683
0.5248269975486279,0.5425310676164339,0.5643564451661128,0.36036036036036034,model_8,0.5356286384594595
0.5257726944687724,0.5434376986325914,0.565260580984953,0.37037037037037035,model_8,0.5366072685555555
0.5267183913889167,0.5443443296487488,0.5661647168037932,0.38038038038038036,model_8,0.5375853154864865
0.5276640883090611,0.5452509606649063,0.5670688526226334,0.39039039039039036,model_8,0.5385627793303303
0.5285982132301664,0.5461575916810638,0.5679729884414736,0.40040040040040037,model_8,0.539539662053053
0.5295111460360615,0.5470642226972212,0.5688771242603138,0.41041041041041043,model_8,0.5405159646166167
0.5304240788419566,0.5479799219458146,0.569781260079154,0.42042042042042044,model_8,0.5414916871051051
0.5313370116478517,0.5488844836491353,0.5706853958979943,0.43043043043043044,model_8,0.5424668314814814
0.5322499444537468,0.5497947847039235,0.5715895317168345,0.44044044044044045,model_8,0.5434413987487487
0.533162877259642,0.5507094873526479,0.5724936675356747,0.45045045045045046,model_8,0.5444153898648649
0.5340758100655372,0.5516122628322343,0.5733978033545148,0.46046046046046046,model_8,0.5453888049679679
0.5349887428714323,0.5525164378996676,0.574301939173355,0.47047047047047047,model_8,0.5463616469259259
0.5359016756773274,0.5534216662133754,0.5752060749921952,0.4804804804804805,model_8,0.5473339157387388
0.5368146084832225,0.5543263679039461,0.5761102108110354,0.4904904904904905,model_8,0.5483056115535535
0.5377275412891176,0.5552310695945166,0.5770143466298756,0.5005005005005005,model_8,0.5492767372292293
0.5386404740950127,0.5561357712850873,0.5779161041540769,0.5105105105105106,model_8,0.5502472928168168
0.5395534069009078,0.5570371638749535,0.5788006616251512,0.5205205205205206,model_8,0.5512172793193193
0.5404663397068029,0.5579427061796705,0.5796852190962255,0.5305305305305306,model_8,0.5521866977927928
0.5413818930122193,0.55882545923811,0.5805697765672997,0.5405405405405406,model_8,0.5531555501351351
0.5423149732659304,0.5597378109113058,0.5814499371358897,0.5505505505505506,model_8,0.5541238363463463
0.5432480535196413,0.5606502908825455,0.582344392566931,0.5605605605605606,model_8,0.5550915566506506
0.5441811337733524,0.5615396007597909,0.5832234489805226,0.5705705705705706,model_8,0.5560587136906907
0.5451142140270635,0.5624460747153383,0.5841080064515969,0.5805805805805806,model_8,0.5570252895545547
0.5460472942807746,0.5633576908534462,0.5849925639226711,0.5905905905905906,model_8,0.5579913005845846
0.5469803745344856,0.5642692008735571,0.5858708861234339,0.6006006006006006,model_8,0.5589567514954955
0.5479134547881966,0.5651661234352695,0.586744691488088,0.6106106106106106,model_8,0.5599216423483483
0.5488519465042305,0.5660787705670616,0.5876184968527423,0.6206206206206206,model_8,0.5608859741461462
0.5497908228426001,0.5669899963769663,0.5884378348353558,0.6306306306306306,model_8,0.5618497478288288
0.5507296991809697,0.5678987816967476,0.5891553588243392,0.6406406406406406,model_8,0.5628129635885886
0.5516685755193393,0.568822950112485,0.58996005484536,0.6506506506506506,model_8,0.5637756242392392
0.5526074518577089,0.5697299981011582,0.5907200591764058,0.6606606606606606,model_8,0.5647377298468468
0.5535278213831629,0.5706366291173157,0.5914486495447985,0.6706706706706707,model_8,0.5656992814144144
0.5544450165641741,0.5715376411389049,0.5923221507475275,0.6806806806806807,model_8,0.56666027994494494
0.5553646774272347,0.5724433906336154,0.5932144762303346,0.6906906906906907,model_8,0.5676207264414415
0.5562580253856905,0.5733531626343975,0.5941068017131418,0.7007007007007007,model_8,0.568580621906907
0.5571569653108499,0.574259793650555,0.5949991271959488,0.7107107107107107,model_8,0.5695399673443443
0.5580671140784433,0.575142063087423,0.595891452678756,0.7207207207207207,model_8,0.5704987637567568
0.5590006108151662,0.5760392084776406,0.5967434204182789,0.7307307307307307,model_8,0.5714570121471472
0.5599071824487096,0.5769439101682111,0.5975704194739286,0.7407407407407407,model_8,0.5724147134444444
0.5607942496770912,0.577831628619319,0.5984558662375588,0.7507507507507507,model_8,0.5733718678738738
0.5616813169054727,0.578741955425471,0.599341313001189,0.7607607607607607,model_8,0.5743284781401402
0.5625918235440099,0.5796380486411908,0.6002267597648191,0.7707707707707707,model_8,0.5752845435485485
0.5634862151706361,0.5805517005339254,0.6011122065284493,0.7807807807807807,model_8,0.5762400667957958
0.5643806067972623,0.5814591530244115,0.6019976532920794,0.7907907907907907,model_8,0.577195047116116
0.5652749984238885,0.5823544038713697,0.6028831000557096,0.8008008008008007,model_8,0.5781494863553553
0.5661693900505148,0.5832693261643118,0.6037685468193398,0.8108108108108109,model_8,0.5791033837027026
0.567063781677141,0.5841610126778882,0.6046539935829699,0.8208208208208209,model_8,0.5800567296206206
0.5679581733037672,0.5850526991914647,0.6055394403466001,0.8308308308308309,model_8,0.5810095219249249
0.5688566707729222,0.5859587698964821,0.6064248871102302,0.8408408408408409,model_8,0.5819617771561562
0.5697566481161586,0.5868577938447225,0.6073103338738604,0.8508508508508509,model_8,0.5829134953993994
0.5707148231354099,0.587727758732194,0.6081957806374906,0.8608608608608609,model_8,0.5838646777437437
0.5716770636756632,0.5886194452457704,0.6090276738141426,0.8708708708708709,model_8,0.5848153259339339
0.572575395442746,0.5895111317593468,0.6099282301802713,0.8808808808808809,model_8,0.5857654393193193
0.5734692560869425,0.5904028182729232,0.6108287865464002,0.8908908908908909,model_8,0.5867150205525525
0.5743631167311392,0.5912945047864996,0.6117167232809129,0.9009009009009009,model_8,0.587664068990991
0.5752745606838761,0.5922170747371757,0.6125899924279107,0.9109109109109109,model_8,0.5886125872792793
0.5761869030236809,0.5931071007928256,0.6134842579487958,0.9209209209209209,model_8,0.5895605747827828
0.5770804179969696,0.5940228425128525,0.6143680252827373,0.9309309309309309,model_8,0.5905080341381381
0.5779739329702585,0.5949312731674685,0.6152517926166786,0.9409409409409409,model_8,0.5914549645305306
0.5788674479435473,0.5958175379863733,0.6161355599506201,0.950950950950951,model_8,0.5924013671531532
0.5797638586461616,0.5967079603599879,0.6170193272845615,0.960960960960961,model_8,0.5933472446306307
0.5806577192903581,0.5976071561439256,0.617903094618503,0.970970970970971,model_8,0.5942925961541542
0.5815515799345548,0.5985092872831428,0.6187868619524445,0.980980980980981,model_8,0.5952374228248248
0.5824612487779782,0.5994208507602671,0.6196706292863859,0.990990990990991,model_8,0.5961817264504505
0.5833741815838733,0.6003345010384455,0.6205543966203274,1.001001001001001,model_8,0.5971255056296296
0.5842871143897684,0.6012481513166239,0.6214381639542688,1.011011011011011,model_8,0.5980687475335336
0.5852000471956635,0.6021696204641165,0.6223219312882102,1.021021021021021,model_8,0.5990114521981982
0.5861129800015588,0.603080993731068,0.6232056986221517,1.031031031031031,model_8,0.599953636028028
0.5870259128074538,0.6039891021511592,0.6239925615003997,1.0410410410410411,model_8,0.6008953009249249
0.587938845613349,0.6049027524293377,0.6248204650958616,1.0510510510510511,model_8,0.6018364477867868
0.5888517784192441,0.6058164027075161,0.6257042324298031,1.0610610610610611,model_8,0.6027770768258258
0.5897647112251392,0.6067300529856945,0.6265879997637446,1.0710710710710711,model_8,0.6037171898338338
0.5906776440310343,0.607643703263873,0.6274717670976859,1.0810810810810811,model_8,0.604656787027027
0.5915905768369294,0.6085573535420514,0.6283555344316274,1.0910910910910911,model_8,0.6055958700840841
0.5925035096428245,0.6094710038202298,0.6292393017655689,1.1011011011011012,model_8,0.6065344384424424
0.5934164424487196,0.6103864443075839,0.630130678370245,1.1111111111111112,model_8,0.6074724947777778
0.5943293752546147,0.6112983043765867,0.6310303591891842,1.1211211211211212,model_8,0.6084100390900901
0.5952407761383518,0.6122119546547651,0.6319300400081234,1.1311311311311312,model_8,0.6093470717187187
0.596142522823954,0.6131256049329435,0.6328297208270626,1.1411411411411412,model_8,0.6102835952162162
0.597030322099334,0.6140041530719017,0.6337294016460018,1.1511511511511512,model_8,0.6112196088098099
0.5979181213747142,0.6149025253535411,0.6346290824649411,1.1611611611611612,model_8,0.6121551123413413
0.5988059206500943,0.6158203870486364,0.6355287632838803,1.1711711711711712,model_8,0.6130900959639639
0.5996937199254744,0.6167507845533177,0.6364173915999071,1.1811811811811812,model_8,0.6140245487087087
0.6005815192008546,0.6176378282456331,0.6373014387329983,1.1911911911911912,model_8,0.61495849479779785
0.6014693184762346,0.6185231030016359,0.6382146203196971,1.2012012012012012,model_8,0.6158919367597597
0.6023822001474466,0.6194203044065373,0.6391274865596372,1.2112112112112112,model_8,0.6168248739549549
0.6033053494020629,0.620328102995148,0.6400271673785765,1.2212212212212212,model_8,0.6177573081451452
0.6042284986566792,0.6212382727689881,0.6409206240966495,1.2312312312312312,model_8,0.6186892394534534
0.6051516479112955,0.622125369906405,0.6417520246504759,1.2412412412412412,model_8,0.619620669007007
0.6060668052664584,0.6230113856512758,0.6425248865403534,1.2512512512512513,model_8,0.6205515985615615
0.6069689743604673,0.6239234811576718,0.6433024511438115,1.2612612612612613,model_8,0.6214820282432433
0.6078711434544761,0.6248342130050016,0.6442006034065887,1.2712712712712713,model_8,0.6224119590550551
0.6087733125484851,0.6257695647038632,0.6450987556693658,1.2812812812812813,model_8,0.6233413918718719
0.609675481642494,0.6266611938257224,0.645996907932143,1.2912912912912913,model_8,0.624270326951952
0.6105776507365028,0.6276018351565611,0.6468873829263866,1.3013013013013013,model_8,0.6251987660410411
0.6114798198305117,0.6285119065307355,0.6477598822035932,1.3113113113113113,model_8,0.6261267041561561
0.6123819889245206,0.6294166082213061,0.6486323814807998,1.3213213213213213,model_8,0.627054113093093
0.6132841580185295,0.6303184506106678,0.6494844150253728,1.3313313313313313,model_8,0.6279810255695696
0.6141863271125384,0.6312181412948357,0.6503100699650479,1.3413413413413413,model_8,0.6289074451951951
0.6150884962065473,0.6321178319790034,0.6512099810709965,1.3513513513513513,model_8,0.6298333727027027
0.6159906653005561,0.6330175226631712,0.6521223785896263,1.3613613613613613,model_8,0.6307588076336337
0.6169142773850548,0.6339321344945198,0.6529635703199628,1.3713713713713713,model_8,0.6316837527227227
0.617842522041523,0.6348448183647297,0.6537275573993823,1.3813813813813813,model_8,0.6326082086966968
0.6187707666979912,0.6357495200553003,0.6545313541480018,1.3913913913913913,model_8,0.6335321749699699
0.6196990113544595,0.6366542217458708,0.6554261887191926,1.4014014014014013,model_8,0.6344556534084085
0.6206272560109278,0.6375589234364415,0.6563504425795743,1.4114114114114114,model_8,0.6353786448738739
0.621555500667396,0.6384766858214338,0.6571479265405289,1.4214214214214214,model_8,0.6363011495085085
0.6224837453238642,0.6393874476114634,0.6580535581205319,1.4314314314314314,model_8,0.6372231684584585
0.6234119899803324,0.6403090554811154,0.6589591897005349,1.4414414414414414,model_8,0.6381446978198199
0.6243402346368007,0.6412246194431684,0.659864821280538,1.4514514514514514,model_8,0.6390657087807807
0.6252684792932689,0.6420824318892945,0.660770452860541,1.4614614614614614,model_8,0.639986230076076
0.6261967239497371,0.6429871335798651,0.661676084440544,1.4714714714714714,model_8,0.6409062695555556
0.6271249686062055,0.6439011029296098,0.6625817160205472,1.4814814814814814,model_8,0.6418258279259259
0.6280532132626736,0.6448331496251366,0.6634648691933125,1.4914914914914914,model_8,0.6427449046316316
0.628981457919142,0.6457507129304301,0.664337368470519,1.5015015015015014,model_8,0.6436635015285286
0.6299097025756101,0.6466481479427264,0.6652098677477256,1.5115115115115114,model_8,0.6445816196196197
0.630823237868587,0.6475674322575306,0.6660823670249323,1.5215215215215214,model_8,0.6454992597557557
0.6317108482130325,0.6484632971173423,0.666954866302139,1.5315315315315314,model_8,0.6464164220900901
0.632598458557478,0.649359161977154,0.6678273655793456,1.5415415415415414,model_8,0.6473331076256256
0.6334860689019235,0.6502550707960126,0.6687017400864688,1.5515515515515514,model_8,0.6482493173653654
0.634401682295004,0.6511532933471935,0.669596450871478,1.5615615615615615,model_8,0.6491650466906906
0.6352890002032259,0.652050217995928,0.6704518186760279,1.5715715715715715,model_8,0.6500802696116116
0.6361763181114476,0.6529426214164011,0.6713612617740448,1.5815815815815815,model_8,0.6509950077737738
0.6370636360196693,0.6538435538667123,0.6722695403629076,1.5915915915915915,model_8,0.6519092731501501
0.637950953927891,0.654748255557283,0.6731016378473668,1.6016016016016015,model_8,0.6528230667437437
0.6388382718361127,0.6556529572478536,0.674034396733006,1.6116116116116117,model_8,0.6537363893963963
0.6397255897443346,0.6565594393948535,0.6749502558004526,1.6216216216216217,model_8,0.6546492412702702
0.6406129076525563,0.6574871048010693,0.6758594263665422,1.6316316316316317,model_8,0.6555616235315316
0.641500225560778,0.658379498849025,0.6767466440474723,1.6416416416416417,model_8,0.6564735376936937
0.6423875434689998,0.659288941947042,0.6776204494121265,1.6516516516516517,model_8,0.6573849832492492
0.6432748613772216,0.6601983850450589,0.6784942547767808,1.6616616616616617,model_8,0.658295962038038
0.6441794636510054,0.6611036553080667,0.679368060141435,1.6716716716716717,model_8,0.6592064713853854
0.6451335808161609,0.6620348249699013,0.6802520934768708,1.6816816816816818,model_8,0.6601164922462462
0.6460876979813163,0.6629349984224748,0.6811798111260488,1.6916916916916918,model_8,0.6610260223603603
0.6470392518144178,0.663834043932384,0.6821075287752267,1.7017017017017018,model_8,0.661935087885886
0.6479552865657883,0.6647146346431405,0.6830171126466156,1.7117117117117118,model_8,0.6628436904864865
0.6488713213171589,0.6656092585445301,0.6839118234316248,1.7217217217217218,model_8,0.6637518305065065
0.6497679674297889,0.6665103791918229,0.684806534216634,1.7317317317317318,model_8,0.6646595094324325
0.6506546066206538,0.6674140792252714,0.6857012450016431,1.7417417417417418,model_8,0.6655667266096097
0.6515412458115186,0.668318780915842,0.6865959557866523,1.7517517517517518,model_8,0.6664734832162162
0.6524659415041134,0.6692234826064126,0.6874906665716615,1.7617617617617618,model_8,0.6673797809059059
0.6533722916616401,0.6701273625017489,0.6883853773566706,1.7717717717717718,model_8,0.6682856198558559
0.6542504842169821,0.6710219854957198,0.6892800881416798,1.7817817817817818,model_8,0.6691909942982983
0.6551286767723239,0.6719254535215674,0.690174798926689,1.7917917917917918,model_8,0.6700958775145145
0.6560068693276657,0.6728314828511539,0.6910695097116981,1.8018018018018018,model_8,0.6710002902072072
0.6568850618830075,0.6737469910592656,0.6919642204967074,1.8118118118118118,model_8,0.6719042478098098
0.6577632544383495,0.6746516927498363,0.6928589312817165,1.8218218218218218,model_8,0.6728077498658659
0.6586414469936913,0.6755563944404068,0.6937536420667256,1.8318318318318318,model_8,0.673710798015015
0.6595209985293017,0.6764650378599927,0.6946380844772363,1.8418418418418419,model_8,0.6746133924414414
0.6604076377201664,0.6773894791244708,0.6955218518111778,1.8518518518518519,model_8,0.6755155341481481
0.6612942769110313,0.6782829299549846,0.696428049642791,1.8618618618618619,model_8,0.6764172241381381
0.662180916101896,0.679202578774284,0.6973324852067624,1.8718718718718719,model_8,0.6773184632272272
0.6630675552927608,0.6800886036977375,0.6982271959917716,1.8818818818818819,model_8,0.6782192463343343
0.6639541944836256,0.6810015165349603,0.6991219067767808,1.8918918918918919,model_8,0.6791195514864865
0.6648408336744904,0.6819181865495698,0.7000166175617899,1.901901901901902,model_8,0.6800193843893894
0.6657468211332316,0.6828124876603767,0.7009113283467991,1.911911911911912,model_8,0.6809187692062062
0.6666658533854917,0.6837361612266466,0.7018060391318083,1.921921921921922,model_8,0.6818177057027027
0.6675848856377518,0.6846451676029263,0.7027007499168174,1.931931931931932,model_8,0.6827161963083083
0.6685039178900118,0.6855615075742011,0.7035954607018267,1.941941941941942,model_8,0.6836142408288288
0.6694229501422719,0.6864618150354921,0.7044901714868358,1.951951951951952,model_8,0.684511839042042
0.670341982394532,0.6873628367136042,0.7053617030078456,1.961961961961962,model_8,0.6854089933683684
0.6712610146467921,0.6882642144245396,0.7062595262555282,1.971971971971972,model_8,0.686305704005005
0.6721787204241175,0.689164547813817,0.7071573495032109,1.981981981981982,model_8,0.6872019628378379
0.6730649852430223,0.6900643387158225,0.7080551727508936,1.991991991991992,model_8,0.6880977400700701
0.6739864719245574,0.6909456539681476,0.7089529959985762,2.002002002002002,model_8,0.6889930643943943
0.6749084899436898,0.6918410248706777,0.7098508192462588,2.012012012012012,model_8,0.6898879480390391
0.6758305079628223,0.6927457265612482,0.7107486424939415,2.022022022022022,model_8,0.6907823916026027
0.6767525259819548,0.6936504282518189,0.7116464657416242,2.032032032032032,model_8,0.691676394894895
0.6776745440010872,0.6945551299423895,0.7125425685519184,2.042042042042042,model_8,0.6925699601081081
0.6785717545658458,0.695461951755234,0.7134372793369277,2.052052052052052,model_8,0.6934630866496497
0.6794496655462714,0.6963672149280362,0.7143319901219367,2.062062062062062,model_8,0.6943557757287288
0.6803275765266971,0.6972692350141012,0.715226700906946,2.0720720720720722,model_8,0.6952480235495496
0.6812054875071227,0.6981739367046719,0.7161355819800374,2.0820820820820822,model_8,0.6961398075735736
0.6820833984875483,0.6990704120334463,0.71703340522772,2.0920920920920922,model_8,0.6970311281881882
0.6829721963916421,0.6999735626560153,0.7179312284754026,2.1021021021021022,model_8,0.6979220141441441
0.6838904161838513,0.7008880417763836,0.7188290517230853,2.1121121121121122,model_8,0.6988124662332332
0.684820003136519,0.7017891220049024,0.7197268749707679,2.1221221221221223,model_8,0.6997024848798798
0.6857495900891868,0.7026803069787307,0.7206246982184505,2.1321321321321323,model_8,0.7005920716636637
0.6866791770418547,0.7035698820422556,0.7215225214661332,2.1421421421421423,model_8,0.7014812265845846
0.6875825958582144,0.7044712121901179,0.7224184131457811,2.1521521521521523,model_8,0.7023699500730731
0.6884718756123946,0.7053832255732717,0.7233038599094113,2.1621621621621623,model_8,0.7032582380810811
0.6893884888158535,0.7062911145645759,0.7241893066730414,2.1721721721721723,model_8,0.704146068006006
0.6903051020193123,0.7072128998185818,0.7250685195420468,2.1821821821821823,model_8,0.7050334402922923
0.691221715222771,0.7080938254516226,0.7259602002003017,2.1921921921921923,model_8,0.7059203845045046
0.6921107236118165,0.7089893505162491,0.726845646963932,2.2022022022022023,model_8,0.7068069005205205
0.6929908216473963,0.7099054157477307,0.7277310937275621,2.2122122122122123,model_8,0.7076929902432433
0.6938709196829763,0.7108214809792123,0.7286335829746727,2.2222222222222223,model_8,0.7085786527777778
0.6947913243649722,0.71173754621069385,0.7295420734670927,2.2322322322322323,model_8,0.7094638904634635
0.6957176363767441,0.7126360073304179,0.7304367842521019,2.2422422422422423,model_8,0.7103487035245245
0.6966439483885163,0.7135538654443722,0.731331495037111,2.2522522522522523,model_8,0.7112330823783783
0.6975702604002882,0.7144585671349427,0.7322262058221202,2.2622622622622623,model_8,0.7121169976276277
0.6984965724120603,0.7153737486486904,0.7331209166071294,2.2722722722722724,model_8,0.7130004755385385
0.6994228844238324,0.7162775594138402,0.7340156273921385,2.2822822822822824,model_8,0.7138835316066066
0.7003491964356044,0.717193141601894,0.7348567064897946,2.2922922922922924,model_8,0.714766166061061
0.7012302846339066,0.7181051697340916,0.7356789671481654,2.3023023023023024,model_8,0.7156483796746748
0.70213564743565,0.7190115046409251,0.7365012278065362,2.3123123123123124,model_8,0.71653017290991
0.7030584404573904,0.7199292259984867,0.737391763836563,2.3223223223223224,model_8,0.7174115473083084
0.7039812334791307,0.7208287419934591,0.7383180410880139,2.3323323323323324,model_8,0.7182924986716717
0.704904026500871,0.7217289685158017,0.7392419016547541,2.3423423423423424,model_8,0.7191730066036036
0.7057683456144443,0.7226145107222894,0.7401273484183842,2.3523523523523524,model_8,0.7200530606626626
0.7067058882402009,0.7234879588255736,0.7410127951820145,2.3623623623623624,model_8,0.7209326973593594
0.7076434308659575,0.724402230590977,0.7418982419456446,2.3723723723723724,model_8,0.7218119184624624
0.7085420991591174,0.7253010934585185,0.7427836887092747,2.3823823823823824,model_8,0.7226907244984986
0.7094025352425716,0.7262073132324892,0.7436691354729049,2.3923923923923924,model_8,0.7235691151821821
0.7101725057006798,0.727089886224949,0.744554582236535,2.4024024024024024,model_8,0.7244470922792793
0.7110076131402903,0.727972227176661,0.7454599000747235,2.4124124124124124,model_8,0.7253246548628629
0.7118978078153845,0.7288584487935956,0.746371005023165,2.4224224224224224,model_8,0.7262017845265265
0.7127761956286568,0.7297535507333559,0.7472821099716065,2.4324324324324325,model_8,0.7270784555675676
0.7136651759388832,0.7306283045846285,0.7481516232683072,2.4424424424424425,model_8,0.7279547155435435
0.7145683918406673,0.7315102614745556,0.7490179645379045,2.4524524524524525,model_8,0.7288305641871872
0.7154585865157617,0.7324230597433221,0.7498843058075018,2.4624624624624625,model_8,0.7297060027657658
0.7162419888784032,0.7333110235305839,0.750769404458087,2.4724724724724725,model_8,0.7305810312652652
0.7171102984205482,0.7341989873178456,0.7516690852770262,2.4824824824824825,model_8,0.73145565194995
0.7180069919245166,0.7351078607947046,0.7525687660959655,2.4924924924924925,model_8,0.7323298625765766
0.718925228014976,0.7360178497335763,0.7534684469149047,2.5025025025025025,model_8,0.7332036436076076
0.7198434641054355,0.7369334810532611,0.7543781814460091,2.5125125125125125,model_8,0.7340769722812813
0.720761700195895,0.7378142073766034,0.7553267124010875,2.5225225225225225,model_8,0.7349498948918919
0.7216799362863546,0.7387208673091725,0.7562718408612665,2.5325325325325325,model_8,0.7358224111961962
0.7225981723768141,0.7396272909152012,0.7571316084560797,2.5425425425425425,model_8,0.736694522945946
0.7235164084672736,0.7405214105446514,0.7579913760508931,2.5525525525525525,model_8,0.7375662306336337
0.7243605332667045,0.7414566518528669,0.7588665318285401,2.5625625625625625,model_8,0.7384375342812813
0.7252507279417987,0.742346023465732,0.7597662126474793,2.5725725725725725,model_8,0.7393084291801801
0.726140922616893,0.743256873324416,0.7606658934664186,2.5825825825825826,model_8,0.7401788905735736
0.7269935225569196,0.7441394742050076,0.7615655742853579,2.5925925925925926,model_8,0.7410489167407407
0.7278596329576582,0.7450490383734225,0.7624652551042972,2.6026026026026026,model_8,0.7419185416256256
0.7287618020516671,0.7459578158590549,0.7633649359232364,2.6126126126126126,model_8,0.7427877664504505
0.7296639711456759,0.7468584741157942,0.7642646167421756,2.6226226226226226,model_8,0.7436565907367367
0.7305661402396848,0.7477511497523696,0.7651653061196717,2.6326326326326326,model_8,0.7445250157507508
0.7314683093336937,0.7486478166990269,0.7661172483409937,2.6426426426426426,model_8,0.7453930427057057
0.7323704784277026,0.7495444836456843,0.7670704190756201,2.6526526526526526,model_8,0.7462606568048048
0.7332726475217115,0.7504411505923416,0.7680146372224872,2.6626626626626626,model_8,0.7471278288528528
0.7341748166157204,0.7513665994716607,0.7689093480074963,2.6726726726726726,model_8,0.7479945911501501
0.7350769857097292,0.7522485805191652,0.7698040587925055,2.6826826826826826,model_8,0.7488609576566566
0.7359791548037382,0.7531292013621489,0.7706987695775147,2.6926926926926926,model_8,0.7497269286416416
0.736881323897747,0.754027818378971,0.7715934803625238,2.7027027027027026,model_8,0.7505925051081082
0.7376828245438961,0.7549345302096824,0.772496921875562,2.7127127127127126,model_8,0.7514576877877878
0.7384794974825177,0.755862370404255,0.7734193828865036,2.7227227227227226,model_8,0.7523224693293293
0.7394027925978441,0.7567796660311477,0.7743418438974452,2.7327327327327327,model_8,0.7531868251111111
0.7403260877131705,0.7576677840485446,0.7752643049083867,2.7427427427427427,model_8,0.7540507549069069
0.741249382828497,0.758563131881391,0.7761867659193284,2.7527527527527527,model_8,0.7549142931951952
0.7421726779438234,0.7594738889038373,0.77710922693027,2.7627627627627627,model_8,0.7557774404264264
0.7430959730591498,0.7603858827243288,0.7780316879412115,2.7727727727727727,model_8,0.7566401964294294
0.7440192681744762,0.7612868779264079,0.7788606675423269,2.7827827827827827,model_8,0.757502562931932
0.7448616846400393,0.7621693103105845,0.7797489058918636,2.7927927927927927,model_8,0.7583645381441442
0.7457252054689671,0.7630762600384776,0.7806965958951171,2.8028028028028027,model_8,0.7592260998658659
0.7466154001440615,0.7639592498092941,0.7816275336563103,2.8128128128128127,model_8,0.7600872259639639
0.7473985638071641,0.7648321331161236,0.7825421018527903,2.8228228228228227,model_8,0.7609479638498499
0.7481807049165934,0.7657321266960442,0.7833818584685884,2.8328328328328327,model_8,0.7618083152462463
0.749068052341111,0.7666148224217486,0.784297871288588,2.8428428428428427,model_8,0.7626682805875876
0.7499557677277933,0.7674778225788315,0.7852145408267177,2.8528528528528527,model_8,0.7635278597267268
0.7508434831144755,0.7683562782165401,0.7860761354260661,2.8628628628628627,model_8,0.7643870540970971
0.7517311985011579,0.7692273870705142,0.7869613250873833,2.8728728728728727,model_8,0.7652458421521521
0.7524893021015415,0.7701063222779494,0.7878943268698406,2.8828828828828827,model_8,0.7661041924864865
0.7533960937962516,0.7709540381792984,0.7887876736661551,2.8928928928928928,model_8,0.7669621597667667
0.7543028854909617,0.771831068769709,0.7895569845286199,2.9029029029029028,model_8,0.7678197438608608
0.7552096771856718,0.7727285433384745,0.7903561312045606,2.9129129129129128,model_8,0.7686769461921922
0.7561164688803819,0.7735897568296024,0.7912550413103526,2.9229229229229228,model_8,0.769533767053053
0.757023260575092,0.774416641651223,0.7921547221292919,2.932932932932933,model_8,0.7703902062732733
0.7579270229215371,0.7753156871611322,0.7930468947016114,2.942942942942943,model_8,0.7712462411261262
0.7587554480934515,0.7761235991192339,0.7939065664185972,2.952952952952953,model_8,0.7721018439239239
0.7595424168012778,0.7769732324272802,0.7948285656397169,2.962962962962963,model_8,0.7729570672592592
0.760329385509104,0.7778563623944257,0.7957505648608367,2.972972972972973,model_8,0.7738119121351351
0.7611039217445037,0.778703682475428,0.7966453823427807,2.982982982982983,model_8,0.7746663795545545
0.7618591516822403,0.779542216727279,0.7974620423996714,2.992992992992993,model_8,0.7755204699219219
0.762614381619977,0.7803726688282043,0.7982862069793843,3.003003003003003,model_8,0.7763741783303303
0.7634281554672802,0.7812170640167755,0.7990554719226457,3.013013013013013,model_8,0.7772274807947948
0.7642642290482351,0.7820028510223941,0.7998960392906063,3.023023023023023,model_8,0.7780803637297297
0.7650076710624908,0.7828398411222752,0.8007475605852536,3.033033033033033,model_8,0.7789328719159159
0.7657400102243077,0.7836843822218953,0.8016551079818456,3.043043043043043,model_8,0.7797850056576576
0.7666267478106565,0.7845149230776042,0.8025813959934325,3.053053053053053,model_8,0.7806367656526526
0.7674993685282656,0.7853268080665343,0.8033206788684001,3.063063063063063,model_8,0.7814881522072071
0.7683866864364874,0.786127989302235,0.804118275262379,3.073073073073073,model_8,0.7823391543393393
0.7692660554461238,0.7869244654521989,0.8048947571890189,3.083083083083083,model_8,0.7831897450340339
0.7700906809212928,0.7877161118289964,0.8056314518407786,3.093093093093093,model_8,0.7840399358948948
0.7709827761617719,0.7885307717153662,0.8063906012984017,3.103103103103103,model_8,0.784889756015015
0.7718005653676325,0.789303237874757,0.8071194342485176,3.113113113113113,model_8,0.7857392057057057
0.7726183545734931,0.79006908121284,0.8078668455675933,3.123123123123123,model_8,0.7865882856576576
0.7734338518387001,0.7908703111153415,0.8086578772322977,3.133133133133133,model_8,0.7874369961841842
0.7742236808765641,0.7916691163058047,0.8094742097561977,3.143143143143143,model_8,0.7882853156576576
0.7750135099144283,0.7924822228414766,0.8102656226901963,3.153153153153153,model_8,0.7891332151171171
0.7758033389522924,0.7933052628054684,0.8110886252223788,3.163163163163163,model_8,0.7899807406706707
0.7765931679901565,0.7940758750895613,0.8119393293044131,3.173173173173173,model_8,0.7908278991241241
0.7773829970280206,0.794881874253365,0.8127040540256527,3.183183183183183,model_8,0.7916746915285285
0.7781728260658847,0.7956235997585742,0.8134687787468922,3.193193193193193,model_8,0.7925211178388388
0.7789456993772559,0.7964122750005476,0.8142335034681316,3.203203203203203,model_8,0.7933671694904905
0.7797025911259118,0.7971885113582058,0.8150015525353947,3.2132132132132134,model_8,0.7942128189249249
0.7805054015628186,0.7979651750098541,0.8157629529106106,3.2232232232232234,model_8,0.7950580692892892
0.7813082119997253,0.7987201562936191,0.816472373649814,3.2332332332332334,model_8,0.7959029562502502
0.7821110224366321,0.799506535290952,0.8171393928062821,3.2432432432432434,model_8,0.7967474801621621
0.7829138328735388,0.8002762973467683,0.817936844458889,3.2532532532532534,model_8,0.7975916413233234
0.7837166433104455,0.8010356995739658,0.8187254935467732,3.2632632632632634,model_8,0.7984354414374375
0.7845194537473523,0.8018031467160314,0.8195217193594693,3.2732732732732734,model_8,0.7992788533153153
0.7853222641842591,0.8025911698249386,0.8203019626703921,3.2832832832832834,model_8,0.8001218489029029
0.7861250746211659,0.8033449532395964,0.8209951296012956,3.2932932932932935,model_8,0.8009644834264265
0.7869224904306253,0.8040938347827695,0.8216807354373971,3.3033033033033035,model_8,0.8018067582312313
0.7877147118161988,0.8048749730845928,0.8224066966620248,3.3133133133133135,model_8,0.8026486736486487
0.7885329748951975,0.8056350593509555,0.8231802065681787,3.3233233233233235,model_8,0.8034902306816817
0.7893165619340416,0.8064365766341951,0.823897039507895,3.3333333333333335,model_8,0.804331411
0.7900752418762587,0.8071972669687442,0.8246138724476113,3.3433433433433435,model_8,0.8051721865195195
0.7908339218184756,0.8079561106556651,0.8253307053873277,3.3533533533533535,model_8,0.806012586994995
0.791641846595755,0.8087198428517945,0.826047538327044,3.3633633633633635,model_8,0.8068526314234234
0.7923897487474387,0.8094924216417473,0.8268143807066778,3.3733733733733735,model_8,0.8076923198138138
0.7931795777853029,0.8102587330555131,0.8276158362465322,3.3833833833833835,model_8,0.8085316531571571
0.793969406823167,0.8110103046943035,0.8284172917863867,3.3933933933933935,model_8,0.809370617894895
0.7946934536245239,0.8117601145486008,0.8292187473262411,3.4034034034034035,model_8,0.8102091871441441
0.7954462931774329,0.8125084655778148,0.8300151325670369,3.4134134134134135,model_8,0.811047372956957
0.7961787540208815,0.8132722343295368,0.8308120216959616,3.4234234234234235,model_8,0.8118852054054054
0.7969353824627019,0.8140379377767579,0.8314977674969058,3.4334334334334335,model_8,0.8127226854924925
0.7977048128850195,0.8148269764852568,0.8321677090750531,3.4434434434434436,model_8,0.8135598135325326
0.7984263946627943,0.8155757567478393,0.8328376506532005,3.4534534534534536,model_8,0.8143965795435436
0.7991629289255152,0.816344125635896,0.8335075922313477,3.4634634634634636,model_8,0.8152329560980981
0.7998695582183439,0.8171377647097627,0.8342443941486555,3.4734734734734736,model_8,0.816068944983984
0.8005911399961188,0.8178778549785306,0.8350256493955174,3.4834834834834836,model_8,0.8169045845195195
0.8013231763861302,0.8186628152196886,0.8358069046423793,3.4934934934934936,model_8,0.8177398746596597
0.80205809386688,0.8194668566973417,0.8365881598892411,3.5035035035035036,model_8,0.8185748151501502
0.8028456315798277,0.8202547231613506,0.837369415136103,3.5135135135135136,model_8,0.8194093988108109
0.8036449927455693,0.821024943828466,0.8381506703829649,3.5235235235235236,model_8,0.8202435963923924
0.804405633704051,0.8217873557520331,0.8389400995153657,3.5335335335335336,model_8,0.821077407065065
0.805186601855199,0.8225067129146695,0.8396598247328845,3.5435435435435436,model_8,0.8219108713993993
0.805955766471778,0.8232599746433849,0.8403523536354475,3.5535535535535536,model_8,0.8227439896876877
0.8067081741913533,0.8240152224382316,0.841144412261745,3.5635635635635636,model_8,0.8235767616396397
0.8075133659560613,0.8248084197734804,0.8419364708880424,3.5735735735735736,model_8,0.824409177894895
0.8082262703292729,0.8255417341124498,0.8426918346112579,3.5835835835835836,model_8,0.8252412103693694
0.8090297044461066,0.826338349388645,0.8435086618385582,3.5935935935935936,model_8,0.8260728615245245
0.8098331385629403,0.827090922164117,0.8442598907895404,3.6036036036036037,model_8,0.8269041683513514
0.810636572679774,0.8278367655738477,0.8449965690770681,3.6136136136136137,model_8,0.8277351322142142
0.8114400067966075,0.8285713969048062,0.8457915808634399,3.6236236236236237,model_8,0.8285657536696697
0.8122434409134413,0.8293314022564688,0.8465970582324723,3.6336336336336337,model_8,0.8293960183573573
0.813046875030275,0.8301126821435707,0.8474025356015048,3.6436436436436437,model_8,0.8302258992782783
0.8138432576412875,0.8308852239599354,0.8481930274324784,3.6536536536536537,model_8,0.8310554076866866
0.8146302263491138,0.8316667804537522,0.8488808187287575,3.6636636636636637,model_8,0.8318845754144144
0.81541719505694,0.832426304356618,0.8496272720660072,3.6736736736736737,model_8,0.8327134031961961
0.8161922942006599,0.8332087424402904,0.8503831003200185,3.6836836836836837,model_8,0.8335418919329329
0.8168614814110957,0.833990856768656,0.8511317211930586,3.6936936936936937,model_8,0.8343700206756757
0.8175444318383843,0.8347694214889999,0.8519271422414911,3.7037037037037037,model_8,0.8351977631481482
0.8183490434520336,0.8355426278942846,0.852673171212313,3.7137137137137137,model_8,0.8360251468758758
0.8191605395113299,0.8362183661370541,0.8534711841629637,3.7237237237237237,model_8,0.8368521935585586
0.8199720355706264,0.8369875208857911,0.8542432051237,3.7337337337337337,model_8,0.83767890293994
0.8207835316299227,0.8377528281630701,0.8550152260844363,3.7437437437437437,model_8,0.8385052756486486
0.821595027689219,0.83852541276533,0.8557872470451726,3.7537537537537538,model_8,0.8393312827807808
0.8223278733502127,0.8392949851320017,0.8565592680059089,3.7637637637637638,model_8,0.8401569013033033
0.823015525044763,0.8400713314202242,0.8573312889666451,3.7737737737737738,model_8,0.8409821776616616
0.8237031767393133,0.8408710130271775,0.8581033099273814,3.7837837837837838,model_8,0.8418071197297298
0.8243908284338636,0.8416575385046049,0.8588753308881177,3.7937937937937938,model_8,0.8426317281311312
0.8250784801284138,0.842432909880483,0.8596558565849971,3.803803803803804,model_8,0.8434559963993994
0.8257661318229641,0.843201162626449,0.8604337850735169,3.813813813813814,model_8,0.8442798929909909
0.826491879102673,0.8439857805050023,0.8611913937703266,3.823823823823824,model_8,0.8451034116856857
0.8272370266764725,0.8447781606313991,0.8619696759038245,3.833833833833834,model_8,0.8459265984824825
0.8278992074982919,0.8455399072713843,0.8627669091042391,3.843843843843844,model_8,0.8467494542342342
0.8285613883201113,0.8462868697943969,0.8635641423046538,3.853853853853854,model_8,0.8475719787087087
0.8292804057786146,0.8470927317084175,0.8643590796397342,3.863863863863864,model_8,0.8483941524304305
0.8300328134981899,0.8478393873279937,0.8651193105734906,3.873873873873874,model_8,0.8492159488108108
0.8307852212177653,0.848604136812431,0.8658954689020909,3.883883883883884,model_8,0.85003739198999
0.8315376289373407,0.8493472653665368,0.8666443306027866,3.893893893893894,model_8,0.8508585061231231
0.8322900366569161,0.850103194298327,0.8674260920644253,3.903903903903904,model_8,0.8516792913783784
0.8330260065135906,0.850893864890852,0.8682078535260641,3.913913913913914,model_8,0.8524997485875876
0.8337145428648858,0.8516685224371457,0.8689896149877029,3.923923923923924,model_8,0.8533198422172172
0.8344030792161808,0.8524598818370942,0.8697713764493417,3.933933933933934,model_8,0.8541395534174174
0.835091615567476,0.8532239416250028,0.8704672456437932,3.943943943943944,model_8,0.8549589373573574
0.8358212816758304,0.8539375771563045,0.8712613602292306,3.953953953953954,model_8,0.8557779954354354
0.8365626502821016,0.8547012641598735,0.8720538349659962,3.963963963963964,model_8,0.8565967284684685
0.837344791391531,0.8555020157297683,0.8728463097027617,3.973973973973974,model_8,0.8574151175705705
0.8381269325009602,0.8562795530733089,0.8736387844395272,3.983983983983984,model_8,0.8582331353283283
0.8389090736103895,0.8570734167490957,0.8743364393187226,3.993993993993994,model_8,0.8590508011171171
0.8396226404982026,0.8578584491577264,0.8751384206555768,4.004004004004004,model_8,0.8598681436596597
0.840408279923205,0.8586341087954735,0.8759559142251852,4.014014014014014,model_8,0.8606851631561563
0.8411939193482074,0.8594353775219017,0.8767734077947934,4.024024024024024,model_8,0.8615018577987988
0.8419795587732097,0.8602066678047446,0.8775606204413287,4.034034034034034,model_8,0.8623181914994995
0.8427043903885018,0.8609718695981442,0.8783077962167859,4.044044044044044,model_8,0.8631341501781782
0.8434856194092424,0.8617368202326915,0.8790669571215175,4.054054054054054,model_8,0.8639497882162163
0.8442308375920293,0.8625159421705694,0.8798605750874338,4.064064064064064,model_8,0.8647651056136136
0.8449384449486751,0.8632924039826729,0.8806057272496611,4.074074074074074,model_8,0.8655801023703704
0.8455986535310468,0.86405251886401,0.8813481385505707,4.084084084084084,model_8,0.8663947535735735
0.8462847493652799,0.8648197895936555,0.8821269809150148,4.094094094094094,model_8,0.8672090357057057
0.8469983764391826,0.8655630803585415,0.882905823279459,4.104104104104104,model_8,0.8680229802702703
0.8477719349615074,0.8663340198102852,0.8836846656439031,4.114114114114114,model_8,0.8688366066096096
0.8485249029572064,0.8671070753551899,0.8844864991520408,4.124124124124124,model_8,0.8696499149019019
0.8492167412620854,0.8678630899402494,0.8852921747135047,4.134134134134134,model_8,0.870462892981982
0.8499357095258929,0.8686278770807132,0.8860978502749687,4.1441441441441444,model_8,0.8712755098648648
0.8506295666203828,0.8694262931923564,0.8868823519858829,4.1541541541541545,model_8,0.872087771986987
0.8513234237148726,0.8701542911189388,0.8876882935240025,4.1641641641641645,model_8,0.8728997183093093
0.8520197427219252,0.8709275860328021,0.8884958402605783,4.1741741741741745,model_8,0.8737113495855856
0.8527111379038521,0.8717118206998217,0.889303386997154,4.1841841841841845,model_8,0.874522663975976
0.8534328419141024,0.872460650861442,0.8900971744519502,4.1941941941941945,model_8,0.8753336228208208
0.8542184813391047,0.8732151135329131,0.8908705737843947,4.2042042042042045,model_8,0.876144213951952
0.854945093189858,0.8739803000859366,0.8916219734082081,4.2142142142142145,model_8,0.8769544914564565
0.8556417187376749,0.8747585469098835,0.8924016781165754,4.2242242242242245,model_8,0.8777644557567568
0.8563276427640616,0.8755352714917559,0.8931813828249427,4.2342342342342345,model_8,0.8785741074324325
0.8571136008834702,0.8763015479099143,0.89396108753331,4.2442442442442445,model_8,0.8793834146516517
0.85781080639119,0.8770605496244487,0.8947407922416774,4.2542542542542545,model_8,0.8801923574944945
0.8585434954574583,0.8778183018841524,0.8955204969500445,4.2642642642642645,model_8,0.8810009770540541
0.8592242074257425,0.8786117980232188,0.8963002016584118,4.2742742742742745,model_8,0.881809285992993
0.8598435539841432,0.8793833191931706,0.8970799063667791,4.2842842842842845,model_8,0.8826172843113114
0.860462900542544,0.8801550428093629,0.8978596110751464,4.2942942942942945,model_8,0.8834249475315316
0.8610822471009448,0.8809142053715253,0.8986393157835137,4.3043043043043046,model_8,0.8842322516256257
0.8618297860000759,0.8816808075248277,0.899419020491881,4.314314314314315,model_8,0.8850392244194194
0.8626280525928884,0.8824699398756655,0.9001987252002482,4.324324324324325,model_8,0.885845888027027
0.8633927773141279,0.8832638780412466,0.9009873648072689,4.334334334334335,model_8,0.886652243884885
0.8641575020353675,0.8840338563085273,0.9017581346169828,4.344344344344345,model_8,0.8874582735805806
0.8648594169963314,0.8847933004337002,0.9025378393253501,4.354354354354355,model_8,0.8882639472192192
0.8655436774365695,0.8855567655085383,0.9033216903778583,4.364364364364365,model_8,0.8890692831391391
0.8663033818817133,0.8863168645654096,0.9041345580349637,4.374374374374375,model_8,0.8898743128838839
0.8670789318424442,0.8870928572546487,0.9049401137717862,4.384384384384385,model_8,0.8906790370180181
0.8677645808561557,0.8878658939509461,0.905705363211964,4.394394394394395,model_8,0.8914834410400401
0.8685293623071,0.8886378987203096,0.906471632148484,4.404404404404405,model_8,0.8922874927317317
0.8692189946544915,0.8893621963005816,0.9072591175911405,4.414414414414415,model_8,0.8930912033783784
0.869867868115518,0.8901333366565827,0.908046603033797,4.424424424424425,model_8,0.8938946098588589
0.8706122627163159,0.8909303263403369,0.9088340884764534,4.434434434434435,model_8,0.8946977127327328
0.8713674926540526,0.8916938091991725,0.9096310641809319,4.444444444444445,model_8,0.8955005004444444
0.8721227225917891,0.8924499601692235,0.9104126713818811,4.454454454454455,model_8,0.8963029384524525
0.8728504117964995,0.8932020919303679,0.911187815375,4.464464464464465,model_8,0.8971050338558559
0.873575457386852,0.893996091004421,0.9119661102126216,4.474474474474475,model_8,0.8979068271021021
0.8743416107960593,0.894770147260596,0.9127572052753338,4.484484484484485,model_8,0.8987083191941941
0.8751077642052665,0.8955138980970461,0.9135221946895358,4.494494494494495,model_8,0.8995094994494495
0.8758296858525754,0.8962942377202558,0.9143115485174647,4.504504504504505,model_8,0.9003103315315315
0.8764618398723989,0.8970704079144207,0.9150521735179397,4.514514514514515,model_8,0.9011108221731733
0.8771745329285776,0.8978378238374742,0.9158273315265959,4.524524524524525,model_8,0.9019110132162163
0.8779321217709686,0.8986268554832533,0.9166303651278936,4.534534534534535,model_8,0.9027109051141141
0.8786172333091162,0.8993754907425466,0.9174333987291914,4.544544544544545,model_8,0.9035104865995996
0.8793531019348542,0.9001571893038,0.9182364323304891,4.554554554554555,model_8,0.9043097215745747
0.8800958036994613,0.9009252662507838,0.9190223485325854,4.564564564564565,model_8,0.9051086180390391
0.8808270792562193,0.901704350853662,0.919818763283904,4.574574574574575,model_8,0.905907216908909
0.8815091671826636,0.9024846699143132,0.9206209098687559,4.584584584584585,model_8,0.9067055186426427
0.88228699976594,0.903283487427135,0.9214338555589567,4.594594594594595,model_8,0.9075035090810811
0.8830648323492165,0.9040747020926069,0.9222213410016131,4.604604604604605,model_8,0.9083011547467468
0.8838426649324931,0.9048352557592344,0.9230179351404191,4.614614614614615,model_8,0.9090984676036036
0.8846204975157695,0.9055935581231748,0.923796311886926,4.624624624624625,model_8,0.9098954847927928
0.885360357180627,0.9063566369699729,0.9245837973295825,4.634634634634635,model_8,0.9106922073933934
0.8860627458997486,0.9071558307735728,0.9253712827722389,4.644644644644645,model_8,0.9114886158978979
0.8867387521663621,0.9079300136270653,0.9261587682148954,4.654654654654655,model_8,0.9122846798168168
0.8874817221475041,0.9087106241824915,0.9269462536575519,4.664664664664665,model_8,0.9130804184834835
0.8881365245262327,0.9094764770077164,0.9276982299154511,4.674674674674675,model_8,0.9138758645655656
0.8888896998326844,0.9102423298329412,0.9284907046522166,4.684684684684685,model_8,0.9146710180630631
0.8896921658984558,0.9110081826581661,0.9292831793889822,4.694694694694695,model_8,0.9154658526856857
0.8903623962389857,0.9117626315701265,0.9300756541257478,4.704704704704705,model_8,0.9162603437867868
0.891038349715051,0.9125398883086158,0.9308681288625134,4.714714714714715,model_8,0.917054518900901
0.8917271216317263,0.9133057411338407,0.9316606035992789,4.724724724724725,model_8,0.9178484033773774
0.8924529439991079,0.9140810219246381,0.9324530783360444,4.734734734734735,model_8,0.9186419973283283
0.8931878614798577,0.9148374467842905,0.93324555307281,4.744744744744745,model_8,0.919435266009009
0.8939227789606076,0.9156129492698,0.9340380278095756,4.754754754754755,model_8,0.9202281928858859
0.8946107808723894,0.9163691524347402,0.9348305025463411,4.764764764764765,model_8,0.921020814943944
0.8952726107021419,0.9171339607763764,0.9356193760461216,4.774774774774775,model_8,0.921813147900901
0.8959344405318944,0.917892410582163,0.9364039215921135,4.784784784784785,model_8,0.9226051922812812
0.8965962703616469,0.9186339337713396,0.9371884671381054,4.794794794794795,model_8,0.9233969034934935
0.8972581001913994,0.9194198595591235,0.9379730126840974,4.804804804804805,model_8,0.9241882737837838
0.8979263388649533,0.9201984165608645,0.9387774680441267,4.814814814814815,model_8,0.9249793518148148
0.8985817598509045,0.9209748938693317,0.9395853509669344,4.824824824824825,model_8,0.9257701432362362
0.899243589680657,0.9217301222113143,0.9403778257037,4.834834834834835,model_8,0.9265606408678678
0.8999054195104095,0.9224959750365391,0.9411703004404656,4.844844844844845,model_8,0.9273508014964965
0.9005858866141112,0.9232498547565956,0.9419627751772311,4.854854854854855,model_8,0.9281406315865866
0.9012982538209338,0.9239733057124827,0.9427552499139966,4.864864864864865,model_8,0.9289301766216216
0.902039209542026,0.9247869006732604,0.9435477246507622,4.874874874874875,model_8,0.9297194365735736
0.902710854279286,0.9255396451524756,0.9443401993875278,4.884884884884885,model_8,0.930508390951952
0.9033824990165459,0.9262944309129811,0.9451326741242934,4.894894894894895,model_8,0.9312970093543543
0.9040541437538059,0.9270807993890149,0.9459251488610589,4.904904904904905,model_8,0.9320853129879879
0.904749009414725,0.9278450470688311,0.9467176235978244,4.914914914914915,model_8,0.9328733340380381
0.9055300170094129,0.9286227976383381,0.94751009833459,4.924924924924925,model_8,0.9336610725405406
0.9061956305343911,0.929388650463563,0.9483025730713556,4.934934934934935,model_8,0.9344484914514515
0.9068581936602068,0.9301545032887879,0.9490950478081212,4.944944944944945,model_8,0.9352355759019019
0.9075672073904998,0.9309158987198635,0.9498875225448866,4.954954954954955,model_8,0.9360223635945946
0.9082762211207926,0.9316405498683228,0.9506749313391265,4.964964964964965,model_8,0.9368088702212213
0.9089658580321585,0.9323886400549094,0.951443047986852,4.974974974974975,model_8,0.9375950937997998
0.909614181264133,0.933182298064269,0.9522149129945625,4.984984984984985,model_8,0.9383809844504504
0.9102625044961075,0.9339686441121687,0.9530188325503257,4.994994994994995,model_8,0.9391665452892893
0.910910827728082,0.9347312716794165,0.9538227521060889,5.005005005005005,model_8,0.9399518265705706
0.9115835343407005,0.93548655079931,0.9546266716618521,5.015015015015015,model_8,0.9407368287957959
0.9122737905056317,0.9362592510564384,0.9554305912176153,5.025025025025025,model_8,0.9415215308538539
0.9129640466705629,0.9370375982366813,0.956227320439011,5.035035035035035,model_8,0.9423059017077077
0.913631552611051,0.9378130315410366,0.9570197951757766,5.045045045045045,model_8,0.9430899636576576
0.9142550051346559,0.9386057812074471,0.9578068392288416,5.055055055055055,model_8,0.943873748062062
0.914934383483607,0.9393730138528608,0.9585800366654216,5.065065065065065,model_8,0.9446572554074074
0.9156426158449718,0.9401610571323696,0.9593532341020017,5.075075075075075,model_8,0.945440443075075
0.9163508482063365,0.940936990858655,0.9601453047603775,5.085085085085085,model_8,0.9462233015495495
0.9170237358255606,0.941698740721167,0.9609428414338524,5.095095095095095,model_8,0.9470058736556557
0.9176764431236661,0.9424652883786898,0.9617403781073275,5.105105105105105,model_8,0.9477881707027027
0.9183291504217715,0.9432218690149937,0.9625379147808024,5.115115115115115,model_8,0.9485701809459459
0.918981857719877,0.9440062068365696,0.9633354514542773,5.125125125125125,model_8,0.9493518623313313
0.9196521333289635,0.9447928403084527,0.9641329881277523,5.135135135135135,model_8,0.9501332286486487
0.9203737151067383,0.9455533995569725,0.9649305248012272,5.145145145145145,model_8,0.9509143214194195
0.9210649459831004,0.9463412176812784,0.9657280614747022,5.155155155155155,model_8,0.9516951406436437
0.9217339608338211,0.9471175173712749,0.9665255981481772,5.165165165165165,model_8,0.9524756496486486
0.9225090933033308,0.9479066227404317,0.9673067607369217,5.175175175175175,model_8,0.9532558325955957
0.9232600422178375,0.9486784684820527,0.9680946952287743,5.185185185185185,model_8,0.9540357261111111
0.9239816239956123,0.9494437526009137,0.9688890411460375,5.195195195195195,model_8,0.9548153480840841
0.9247032057733872,0.9502153110605865,0.9696270455891551,5.205205205205205,model_8,0.9555946907067068
0.925424787551162,0.9509577863515555,0.9704238738441724,5.215215215215215,model_8,0.9563737065995996
0.9261463693289368,0.951743735203235,0.9712031521209851,5.225225225225225,model_8,0.9571524073603603
0.9268679511067116,0.9525153554580199,0.9719824303977977,5.235235235235235,model_8,0.9579308381041041
0.9275609076639251,0.9532961552320375,0.9727617086746104,5.245245245245245,model_8,0.9587089993093093
0.9282365340675078,0.9540929177934648,0.9735409869514231,5.255255255255255,model_8,0.9594868536636637
0.9289121604710905,0.9548884952884963,0.9743202652282358,5.265265265265265,model_8,0.9602643852392392
0.9295877868746731,0.9556538521985256,0.9751072350867561,5.275275275275275,model_8,0.9610416302482482
0.9302634132782558,0.956418927732549,0.9759098968437991,5.285285285285285,model_8,0.9618186072492492
0.9309390396818384,0.9571888639051738,0.9767125586008423,5.295295295295295,model_8,0.9625953061251251
0.9316146660854212,0.9579677485993761,0.9775029371978458,5.305305305305305,model_8,0.9633716802892893
0.9322912192886349,0.9587031309345009,0.9783116389002613,5.315315315315315,model_8,0.9641477451081082
0.932981475453566,0.959482831427821,0.9791203406026769,5.325325325325325,model_8,0.9649235433943943
0.9336717316184973,0.960261872331942,0.9799232056290147,5.335335335335335,model_8,0.9656990756816817
0.9343638532278165,0.9610559716158684,0.9807258673860577,5.345345345345345,model_8,0.9664742991411411
0.9351018867476706,0.9618360897151289,0.98151058878218,5.355355355355355,model_8,0.9672492037557557
0.9358399202675248,0.962624284513348,0.9822894311466241,5.365365365365365,model_8,0.9680238293413413
0.9365779537873791,0.9634079585294049,0.9830682735110683,5.375375375375375,model_8,0.9687981899339339
0.9372736691780154,0.9641915318047527,0.9838471158755124,5.385385385385385,model_8,0.9695722676876877
0.937963748572985,0.9649723551825786,0.9846179343023975,5.395395395395395,model_8,0.9703460247237237
0.9386679988654338,0.965756595541399,0.9853973134612057,5.405405405405405,model_8,0.9711194837027026
0.9393902725857131,0.9665354802356013,0.9861836429688448,5.415415415415415,model_8,0.9718926790740741
0.9400584920392111,0.9673140728921849,0.9869624853332889,5.425425425425425,model_8,0.972665611002002
0.9407240661528634,0.9680801548149925,0.987741327697733,5.435435435435435,model_8,0.9734382255075075
0.9414141455478331,0.9688560447017391,0.988539292211083,5.445445445445445,model_8,0.9742105269289288
0.9421002433682695,0.9696147681125554,0.9893416743411629,5.455455455455455,model_8,0.9749825627197197
0.9427692582189902,0.9703980165112933,0.9901096817316839,5.465465465465465,model_8,0.9757543364414415
0.9434235138486651,0.9711911481814877,0.99092079565636,5.475475475475475,model_8,0.9765258158808808
0.9440738827214504,0.9719733798686632,0.9917488207314025,5.485485485485485,model_8,0.9772969801651652
0.9447242515942358,0.9727645901700342,0.9925512028614824,5.495495495495495,model_8,0.9780678607567568
0.945374620467021,0.9737020478673232,0.9959073105246063,5.505505505505505,model_8,0.9788384814774774
0.9461143324725938,0.9747546774460822,1.1773638716585855,5.515515515515515,model_8,0.9796088304444445
0.946786598752189,0.9758158230743045,1.187062634473202,5.525525525525525,model_8,0.9803788614834835
0.9475589056972766,0.9769582727466352,1.1912898903593094,5.535535535535535,model_8,0.981148593988989
0.9485240838910628,0.9780177502831078,1.1954815958300813,5.545545545545545,model_8,0.9819180675305306
0.9494653672005844,0.9791537743851038,1.1984605984647072,5.555555555555555,model_8,0.9826872825555556
0.9502890631193943,0.980373136058908,1.1998335829557878,5.565565565565565,model_8,0.9834561856346345
0.9510542339132096,0.9816119667473034,1.2015275805802148,5.575575575575575,model_8,0.9842247808398398
0.9518761723325417,0.9829806766290246,1.203154663290631,5.585585585585585,model_8,0.9849931127657657
0.953079294357637,0.9841892566103628,1.2054898567323393,5.595595595595595,model_8,0.9857611871771772
0.9537777240068567,0.9854368843895254,1.206760244899996,5.605605605605605,model_8,0.9865289698798798
0.9545344602841697,0.9866393593359684,1.2080216938053887,5.615615615615615,model_8,0.9872964418078077
0.9554381615394415,0.9880054824985505,1.2102288732620965,5.625625625625625,model_8,0.9880636366926927
0.9563770474241774,0.9892392690284706,1.2112523976071,5.635635635635635,model_8,0.9888305766306306
0.9572901502403185,0.9906780825118661,1.2124054288635966,5.645645645645645,model_8,0.9895972428648648
0.9580871656853075,0.9921984233883607,1.2142816502254608,5.655655655655655,model_8,0.9903635956376375
0.9592968845223178,0.9935796538512744,1.2150667944360811,5.665665665665665,model_8,0.9911296599379379
0.9599873396189276,0.9949108935072155,1.216332865511184,5.675675675675675,model_8,0.9918954702972973
0.9607755765815873,0.9963225359513987,1.2176771319467923,5.6856856856856854,model_8,0.9926610248758758
0.9622143559342133,0.9988557207920264,1.2195660815118772,5.6956956956956954,model_8,0.9934262627047047
0.9632325345044708,1.0012413262536715,1.2207247847362765,5.7057057057057055,model_8,0.994191201003003
0.9639068369337881,1.0039530371110108,1.22183824028014,5.7157157157157155,model_8,0.9949558873683684
0.9647940377887695,1.0073840282791093,1.223272363484953,5.7257257257257255,model_8,0.9957203216586586
0.9664012124271901,1.011725131527865,1.223984841727284,5.7357357357357355,model_8,0.9964844518228227
0.9673066036029416,1.166530001087416,1.2248853150381331,5.7457457457457455,model_8,0.9972482795225225
0.96802984481621,1.178526106927244,1.2255988916348044,5.7557557557557555,model_8,0.9980118467647647
0.9687607651632947,1.1823115907107673,1.2266429818249363,5.7657657657657655,model_8,0.9987751636576576
0.9694403831479854,1.1862788145874905,1.2278871060389993,5.7757757757757755,model_8,0.9995381917767767
0.9703068034273186,1.1884862512363263,1.2285684161971855,5.7857857857857855,model_8,1.115438052127119
0.9712829359681044,1.190692619422797,1.229456950897497,5.7957957957957955,model_8,1.2000633686936937
0.9722422548768765,1.1929768049426595,1.2301658172813876,5.8058058058058055,model_8,1.200825573058058
0.9729724394905352,1.1952742689646172,1.2312306256776844,5.8158158158158155,model_8,1.2015875027547547
0.9737662623609111,1.19674481967672,1.2320178708337688,5.8258258258258255,model_8,1.2023491254654652
0.9748885559000329,1.1985956691122739,1.2329706301019085,5.8358358358358355,model_8,1.2031104712272271
0.9768237337269905,1.2003472142962437,1.2336956021604808,5.8458458458458455,model_8,1.2038715684924925
0.977742800815708,1.2021511846380457,1.2345830583761381,5.8558558558558556,model_8,1.2046324037927927
0.97869143780898,1.203703381448534,1.235512541361833,5.865865865865866,model_8,1.205392930009009
0.9800847808831221,1.2049196283522696,1.236425662364263,5.875875875875876,model_8,1.2061531728498498
0.9816635064681313,1.2062563405384716,1.237562774469388,5.885885885885886,model_8,1.2069131691981982
0.9831150807898806,1.207485085437759,1.2383811228554502,5.895895895895896,model_8,1.207672914926927
0.9861929428111534,1.20900490700812,1.2391931224100696,5.905905905905906,model_8,1.2084323486806805
0.9899468667393245,1.210106047268334,1.2398931783980427,5.915915915915916,model_8,1.20919149303003
0.9918237386923159,1.2113950601846837,1.240726224125358,5.925925925925926,model_8,1.2099503924814816
0.9949639019104997,1.2124275748975835,1.2414306057616766,5.935935935935936,model_8,1.2107090474444444
0.9974994211925308,1.213396261227338,1.2421898457158373,5.945945945945946,model_8,1.211467394891892
0.9995781766459471,1.2146713729717067,1.2431369703716757,5.955955955955956,model_8,1.2122254506026025
1.006846618291348,1.215712437562142,1.243960210507578,5.965965965965966,model_8,1.212983258986987
1.0113888429178748,1.2166023262441985,1.244709346692161,5.975975975975976,model_8,1.213740824078078
1.0175865031040168,1.2176406840126621,1.2454072481624503,5.985985985985986,model_8,1.2144980904164164
1.1897007896913712,1.2188123189279634,1.2462580691802887,5.995995995995996,model_8,1.2152550632532533
1.192644905757338,1.21968763796262,1.2469653719134377,6.006006006006006,model_8,1.2160117853753754
1.1933561734418598,1.2204003918391182,1.247672674646587,6.016016016016016,model_8,1.216768266015015
1.1940674411263814,1.2211161365857426,1.248379977379736,6.026026026026026,model_8,1.2175244551561561
1.194778708810903,1.2218299920148077,1.249087280112885,6.036036036036036,model_8,1.2182803504324322
1.1954899764954245,1.2225383703745827,1.2497945828460342,6.046046046046046,model_8,1.2190359915095095
1.196201244179946,1.2232362273435597,1.2505018855791832,6.056056056056056,model_8,1.2197913923153152
1.1969125118644677,1.223940351013097,1.2512326432849827,6.066066066066066,model_8,1.220546508147147
1.1976237795489892,1.2246580217931948,1.2519666671872631,6.076076076076076,model_8,1.2213013294014012
1.198335047233511,1.2253765477977738,1.2526803225047212,6.086086086086086,model_8,1.2220558952632632
1.1990463149180326,1.226095073802353,1.2533832953367101,6.096096096096096,model_8,1.2228102214294294
1.1997575826025542,1.226813599806932,1.2540862681686988,6.106106106106106,model_8,1.2235642680360361
1.2004688502870757,1.2275221058828547,1.2547892410006878,6.116116116116116,model_8,1.2243180198198198
1.2011801179715973,1.2282406844805969,1.2554922138326767,6.126126126126126,model_8,1.2250715142702702
1.2018913856561189,1.2289600623250594,1.2561951866646657,6.136136136136136,model_8,1.2258247712462462
1.2026026533406406,1.2296636967543757,1.2568981594966546,6.146146146146146,model_8,1.2265777526416417
1.2033139210251622,1.2303743322651173,1.2576011323286436,6.156156156156156,model_8,1.2273304387477477
1.2040251887096838,1.2310863606193099,1.2583041051606325,6.166166166166166,model_8,1.2280828674164164
1.2047364563942053,1.2317983889735022,1.2590070779926212,6.176176176176176,model_8,1.228835059996997
1.205447724078727,1.2325104173276948,1.2597100508246102,6.186186186186186,model_8,1.2295869796066066
1.2061589917632485,1.2332243167511339,1.2604041238432706,6.196196196196196,model_8,1.2303386048648648
1.20687025944777,1.2339344740360798,1.2611114265764196,6.206206206206206,model_8,1.2310899725325326
1.2075815271322918,1.2346504333181045,1.261818969320577,6.216216216216216,model_8,1.2318411053513514
1.2082927948168134,1.235387189629503,1.2625260320427178,6.226226226226226,model_8,1.232591966966967
1.209004062501335,1.2360970669891693,1.2632333347758669,6.236236236236236,model_8,1.2333425356196195
1.2097153301858565,1.2368354836636317,1.2639406375090159,6.246246246246246,model_8,1.2340928472912913
1.210426597870378,1.2375421127431265,1.264647940242165,6.256256256256256,model_8,1.2348429253693693
1.2111378655548997,1.2382489725675954,1.265355242975314,6.266266266266266,model_8,1.2355927327587588
1.2118491332394212,1.238960295305602,1.2660625457084633,6.276276276276276,model_8,1.2363422484444444
1.212560400923943,1.239673526564604,1.2667698484416123,6.286286286286286,model_8,1.23709151001001
1.2132716686084646,1.2403679463671382,1.2674771511747613,6.296296296296296,model_8,1.2378405384814815
1.2139829362929861,1.2410702542575622,1.2681844539079106,6.306306306306306,model_8,1.238589295018018
1.2146942039775077,1.2417773196829454,1.2688917566410596,6.316316316316316,model_8,1.239337762019019
1.2154054716620293,1.2424788142863894,1.2695990593742086,6.326326326326326,model_8,1.2400859772422421
1.2161167393465508,1.2432007570716181,1.2703063621073578,6.336336336336336,model_8,1.240833961003003
1.2168280070310726,1.2439028709947744,1.2710136648405068,6.346346346346346,model_8,1.2415816707807807
1.2175392747155942,1.2446148993489667,1.271720967573656,6.356356356356356,model_8,1.2423290934034035
1.2182505424001158,1.2453269277031593,1.272428270306805,6.366366366366366,model_8,1.243076267933934
1.2189618100846373,1.2460389560573517,1.273135573039954,6.376376376376376,model_8,1.2438232117307306
1.219673077769159,1.2467509844115443,1.2738428757731033,6.386386386386386,model_8,1.244569878083083
1.2203843454536805,1.247451261454155,1.2745501785062523,6.396396396396396,model_8,1.2453162606576575
1.221095613138202,1.2481392687079194,1.2752574812394013,6.406406406406406,model_8,1.2460623988758757
1.2218068808227238,1.2488471471685998,1.2759647839725505,6.416416416416417,model_8,1.246808307995996
1.2225181485072454,1.2495705994809576,1.2766720867056995,6.426426426426427,model_8,1.247553934960961
1.223229416191767,1.2502641780573251,1.2773850484221931,6.436436436436437,model_8,1.2482992811981983
1.2239406838762885,1.250969676531829,1.2780999993402313,6.446446446446447,model_8,1.249044387116116
1.22465195156081,1.2516946339138666,1.278812051674298,6.456456456456457,model_8,1.2497892662252252
1.2253632192453319,1.252427890045936,1.2795250485848149,6.466466466466467,model_8,1.2505338568038038
1.2260744869298534,1.2531559024414833,1.2802293922897348,6.476476476476477,model_8,1.2512781713683685
1.226785754614375,1.2538638017366188,1.2809337359946547,6.486486486486487,model_8,1.252022251
1.2274970222988966,1.2545832963076615,1.2816380796995746,6.496496496496497,model_8,1.2527661048288288
1.2282082899834181,1.255295324661854,1.2823424234044947,6.506506506506507,model_8,1.2535096629369369
1.2289195576679397,1.2560073530160465,1.2830467671094146,6.516516516516517,model_8,1.254252949936937
1.2296308253524615,1.2567193813702389,1.2837511108143345,6.526526526526527,model_8,1.2549960072942943
1.230342093036983,1.2574314097244315,1.2844554545192544,6.536536536536537,model_8,1.2557388385475474
1.231062275873157,1.2581454879125114,1.2851597982241743,6.546546546546547,model_8,1.256481368063063
1.2317677833312148,1.2588712866573504,1.2858641419290944,6.556556556556557,model_8,1.2572236326076076
1.2324732907892726,1.2595970854021894,1.2865684856340143,6.566566566566567,model_8,1.2579656733603604
1.2331787982473303,1.2603146089230104,1.2872728293389342,6.576576576576577,model_8,1.2587074781711711
1.233884305705388,1.2610296217621018,1.287977173043854,6.586586586586587,model_8,1.2594489864874876
1.2345898131634458,1.2617401166760065,1.288681516748774,6.596596596596597,model_8,1.2601902374404403
1.2352953206215036,1.2624528705525044,1.289385860453694,6.606606606606607,model_8,1.2609312652882882
1.2360008280795614,1.2631656244290026,1.290090204158614,6.616616616616617,model_8,1.2616720471931933
1.236706335537619,1.26387297298447,1.2907945478635339,6.626626626626627,model_8,1.2624125391131131
1.2374118429956769,1.2645687286334726,1.2914988915684538,6.636636636636637,model_8,1.263152780831832
1.2381173504537346,1.2652658265522256,1.2922032352733737,6.646646646646647,model_8,1.263892801108108
1.2388228579117924,1.265957197167868,1.2929075789782938,6.656656656656657,model_8,1.2646325633303304
1.2395283653698501,1.2666532185012371,1.2936119226832137,6.666666666666667,model_8,1.2653720423333334
1.2402338728279079,1.2673480484571589,1.2943162663881336,6.676676676676677,model_8,1.2661112794974976
1.2409445308115283,1.2680428784130804,1.2950206100930535,6.686686686686687,model_8,1.2668502965545547
1.2416588957527461,1.268737708369002,1.2957280897572425,6.696696696696697,model_8,1.2675890422762763
1.2423732606939641,1.269455267740605,1.2964437222553076,6.706706706706707,model_8,1.2683275135375376
1.2430829050344654,1.2701668890627957,1.297159354753373,6.716716716716717,model_8,1.2690657508258258
1.243787683816644,1.270884565565752,1.2978749872514386,6.726726726726727,model_8,1.2698037693483484
1.2444924625988225,1.2715823726990076,1.298590619749504,6.736736736736737,model_8,1.2705415020670672
1.2452262093188566,1.2722986056206653,1.2993062522475696,6.746746746746747,model_8,1.2712789694484485
1.2459229403998453,1.2730174579150455,1.300021884745635,6.756756756756757,model_8,1.2720162115405407
1.2466196714808342,1.2737250296638682,1.3007203796327687,6.766766766766767,model_8,1.2727532331661662
1.2473164025618229,1.2744376946757956,1.3014276823659179,6.776776776776777,model_8,1.2734899567717717
1.2480131336428115,1.275132951451839,1.302116860816201,6.786786786786787,model_8,1.2742264257927927
1.2487098647238004,1.2758322605414736,1.302800919459562,6.796796796796797,model_8,1.2749626777017016
1.249406595804789,1.276545721590998,1.3035312285797853,6.806806806806807,model_8,1.2756986924364364
1.2501109772407164,1.2772549238426503,1.3042615377000084,6.816816816816817,model_8,1.2764344190960961
1.2508164846987742,1.2779677407095837,1.3049918468202317,6.826826826826827,model_8,1.2771699002652652
1.251521992156832,1.2786867052466742,1.3057070872724914,6.836836836836837,model_8,1.2779051663693692
1.2522274996148897,1.2794056697837644,1.3064116143295244,6.846846846846847,model_8,1.2786401762792792
1.2529330070729474,1.2801130268386207,1.3071161413865573,6.856856856856857,model_8,1.279374909952953
1.2536385145310052,1.2808440237519978,1.3078206684435902,6.866866866866867,model_8,1.280109408961962
1.254344021989063,1.2815441958564118,1.3085251955006232,6.876876876876877,model_8,1.280843693228228
1.2550495294471207,1.282242892019149,1.3092297225576561,6.886886886886887,model_8,1.2815777024614614
1.2557550369051784,1.282942081432655,1.309934249614689,6.896896896896897,model_8,1.282311447023023
1.2564605443632362,1.2836543792501687,1.310638776671722,6.906906906906907,model_8,1.2830449675735736
1.257166051821294,1.2843555019131654,1.311343303728755,6.916916916916917,model_8,1.2837782746976976
1.2578715592793517,1.2850595181928655,1.3120575714745897,6.926926926926927,model_8,1.284511285964965
1.2585770667374094,1.285768856816604,1.3127728768009894,6.936936936936937,model_8,1.2852440457297298
1.2592825741954672,1.2864655906449811,1.3134881821273887,6.946946946946947,model_8,1.2859765928428428
1.259988081653525,1.2871630518345338,1.314203487453788,6.956956956956957,model_8,1.2867089062712713
1.2606935891115827,1.2878806495587494,1.3149187927801878,6.966966966966967,model_8,1.2874409344114115
1.2613990965696404,1.288605798482057,1.315634098106587,6.976976976976977,model_8,1.288172723133133
1.2621046040276982,1.2893158450071802,1.3163494034329863,6.986986986986987,model_8,1.2889043011311312
1.262810111485756,1.2900334427313958,1.317066335069002,6.996996996996997,model_8,1.289635621828829
1.2635156189438137,1.290743803366389,1.3177694452813566,7.007007007007007,model_8,1.290366671978979
1.2642211264018715,1.2914577250786552,1.3184725554937113,7.017017017017017,model_8,1.2910974952932932
1.264931164667648,1.2921701317357392,1.319175665706066,7.027027027027027,model_8,1.2918281084864864
1.2656413438736727,1.2928928852793538,1.3198787759184205,7.037037037037037,model_8,1.2925584394814815
1.2663515230796971,1.2936111851730128,1.3205818861307752,7.047047047047047,model_8,1.2932885163423424
1.2670617022857218,1.2943113419581989,1.32128499634313,7.057057057057057,model_8,1.294018377858859
1.2677568624867928,1.295011498743385,1.3219881065554846,7.067067067067067,model_8,1.294748017942943
1.2684549411928927,1.2957116555285713,1.3226912167678393,7.077077077077077,model_8,1.295477370004004
1.2691597199750708,1.2964118123137574,1.323394326980194,7.087087087087087,model_8,1.2962064821441441
1.2698651860663335,1.2971152537650839,1.3240974371925487,7.097097097097097,model_8,1.2969353862852855
1.2705706935243912,1.2978446939622585,1.3248005474049034,7.107107107107107,model_8,1.2976640425015016
1.271276200982449,1.2985500107846548,1.325503657617258,7.117117117117117,model_8,1.2983924277837837
1.2719850973005529,1.2992533979074488,1.3262067678296126,7.127127127127127,model_8,1.2991205865585587
1.2727042660022372,1.299948370356151,1.3269098780419673,7.137137137137137,model_8,1.2998485379189189
1.2734495255174214,1.3006435829807796,1.327612988254322,7.147147147147147,model_8,1.3005762125375375
1.274148769591828,1.3013538829362776,1.3283160984666766,7.157157157157157,model_8,1.3013036347947948
1.2748617721072901,1.3020578372114069,1.3290192086790313,7.167167167167167,model_8,1.3020308435075076
1.2755809408089744,1.302764964326721,1.329722318891386,7.177177177177177,model_8,1.3027578350420421
1.276294031964042,1.3034720914420346,1.3304270944250305,7.187187187187187,model_8,1.303484539012012
1.2770042111700664,1.3041792185573482,1.3311343971581797,7.197197197197197,model_8,1.304211007085085
1.277714390376091,1.3048863456726618,1.3318416998913287,7.207207207207207,model_8,1.3049372704684685
1.2784245695821157,1.3055934727879754,1.3325490026244777,7.217217217217217,model_8,1.3056632854184185
1.2791347487881402,1.306300599903289,1.333256305357627,7.227227227227227,model_8,1.3063890333923924
1.2798367852580261,1.3070138126534103,1.333963608090776,7.237237237237237,model_8,1.3071145601501502
1.2805322687244314,1.3077191294758066,1.3346709108239252,7.247247247247247,model_8,1.3078398827767768
1.2812277521908368,1.3084311211121178,1.3353782135570742,7.257257257257257,model_8,1.3085649240680681
1.2819232356572423,1.309148230161504,1.3360752694224947,7.267267267267267,model_8,1.3092897201441442
1.2826187191236478,1.3098653392108908,1.336758845393866,7.277277277277277,model_8,1.310014308878879
1.2833142025900532,1.310581021563373,1.3374623214284647,7.287287287287287,model_8,1.3107386733473474
1.2840096860564587,1.3113035144437166,1.338178344907841,7.297297297297297,model_8,1.3114627579189189
1.2847051695228642,1.3120202830709917,1.338894368387217,7.307307307307307,model_8,1.312186615046046
1.2854006529892696,1.312740955435996,1.339610391866593,7.317317317317317,model_8,1.312910270039039
1.2860961364556749,1.3134693305084162,1.3403286827408878,7.327327327327327,model_8,1.3136336662072072
1.2867973650597195,1.3141863800392901,1.341036635422267,7.337337337337337,model_8,1.3143568055625625
1.2875028725177773,1.3148956922485122,1.341743938155416,7.347347347347347,model_8,1.3150797316886886
1.288208379975835,1.3156022116059813,1.3424512408885652,7.357357357357357,model_8,1.3158024552072072
1.2889138874338928,1.3163302097933913,1.3431585436217142,7.367367367367367,model_8,1.3165248876476476
1.2896193948919505,1.3170635682818257,1.3438658463548632,7.377377377377377,model_8,1.3172470874474476
1.2903249023500083,1.3177810914170813,1.3445731490880124,7.387387387387387,model_8,1.3179690875855856
1.291030409808066,1.318489953720413,1.3452804518211614,7.397397397397397,model_8,1.3186908476396397
1.2917359172661238,1.319192383660885,1.3459877545543106,7.407407407407407,model_8,1.3194123413333332
1.2924414247241816,1.3198804955812578,1.3466950572874596,7.4174174174174174,model_8,1.3201336178918919
1.2931469321822393,1.3205686075016307,1.3474023600206086,7.4274274274274275,model_8,1.3208546960540541
1.293852439640297,1.3212567194220035,1.3481096627537579,7.4374374374374375,model_8,1.3215754954954955
1.2945579470983548,1.3219476101248921,1.3488169654869069,7.4474474474474475,model_8,1.3222960553513514
1.2952634545564126,1.3226617776023133,1.3495242682200561,7.4574574574574575,model_8,1.323016412943944
1.2959689620144703,1.3233759450797344,1.3502315709532051,7.4674674674674675,model_8,1.3237365462592592
1.296674469472528,1.3240901125571554,1.3509388736863541,7.4774774774774775,model_8,1.3244564057297297
1.2973799769305858,1.3248250965278214,1.3516461764195034,7.4874874874874875,model_8,1.325176045013013
1.2980854843886436,1.325560430231497,1.3523534791526524,7.4974974974974975,model_8,1.3258954876516515
1.2987909918467013,1.326295763935172,1.3530607818858014,7.5075075075075075,model_8,1.3266146648288288
1.299496499304759,1.327031097638847,1.3537680846189506,7.5175175175175175,model_8,1.327333597031031
1.3002020067628168,1.3277664313425221,1.3544753873520996,7.5275275275275275,model_8,1.3280523251191192
1.3009075142208746,1.3285017650461972,1.3551826900852488,7.5375375375375375,model_8,1.3287708397267268
1.3016130216789323,1.3292370987498723,1.3558899928183978,7.5475475475475475,model_8,1.3294890752702702
1.30231852913699,1.32995316036058,1.3565972955515468,7.5575575575575575,model_8,1.33020709006006
1.3030240365950478,1.3306615016430952,1.357286712979041,7.5675675675675675,model_8,1.3309249102162162
1.3037338964973946,1.3313738989720507,1.3579934493760069,7.5775775775775776,model_8,1.3316424730900902
1.3044523129007017,1.3320784260290837,1.3587129927680976,7.5875875875875876,model_8,1.3323597887597598
1.305170729304009,1.3327829530861166,1.3594325361601887,7.597597597597598,model_8,1.333076898864865
1.3058891457073158,1.3334874801431496,1.3601520795522795,7.607607607607608,model_8,1.3337938036896897
1.306607562110623,1.3341847247680987,1.3608716229443703,7.617617617617618,model_8,1.3345104262072072
1.3073259785139302,1.3348805516638071,1.3615797727628731,7.627627627627628,model_8,1.3352268293063063
1.3080443949172373,1.3355844647071256,1.3623292763395791,7.637637637637638,model_8,1.3359430392572573
1.3087628113205445,1.3362883777504435,1.3630302531206429,7.647647647647648,model_8,1.336658996934935
1.3094812277238514,1.3370024122736637,1.3637497965127336,7.657657657657658,model_8,1.3373747062792793
1.3101996441271586,1.3377101342329376,1.3644693399048244,7.667667667667668,model_8,1.3380902109459458
1.3109180605304658,1.3384117049589959,1.3651888832969152,7.677677677677678,model_8,1.3388055145485485
1.311636476933773,1.3391195150259898,1.365908426689006,7.687687687687688,model_8,1.3395205355615616
1.31235489333708,1.3398079429670346,1.3666279700810968,7.697697697697698,model_8,1.3402353384854855
1.313073309740387,1.3405159645378408,1.3673475134731878,7.707707707707708,model_8,1.340949950027027
1.3138014536445664,1.341230132015262,1.3680670568652786,7.717717717717718,model_8,1.34166431075976
1.314534556264521,1.3419418048275449,1.3687866002573694,7.727727727727728,model_8,1.3423784245935935
1.3152676588844756,1.3426463318845778,1.3695061436494602,7.737737737737738,model_8,1.3430923374094093
1.3159822221220174,1.343364240060874,1.370199347639422,7.747747747747748,model_8,1.3438060476756757
1.3166702293757817,1.3440868019249463,1.3708910066503528,7.757757757757758,model_8,1.344519477055055
1.3173838081602298,1.3447997242514553,1.3715826656612835,7.767767767767768,model_8,1.3452326923823825
1.318102224563537,1.3455060050058587,1.3722743246722142,7.777777777777778,model_8,1.3459457177777778
1.318820640966844,1.346212285760262,1.372965983683145,7.787787787787788,model_8,1.3466584904904906
1.319539057370151,1.3469207038708455,1.3736576426940756,7.797797797797798,model_8,1.347371019954955
1.3202574737734583,1.3476192337610458,1.3743493017050064,7.807807807807808,model_8,1.3480833514264263
1.3209758901767654,1.348326848593802,1.375040960715937,7.817817817817818,model_8,1.3487954767607606
1.3216943065800726,1.349026477118377,1.3757326197268678,7.827827827827828,model_8,1.3495073264844846
1.322406005920469,1.3497261056429521,1.3764242787377985,7.837837837837838,model_8,1.3502189657027026
1.3231113369387633,1.3504257341675272,1.3771159377487292,7.847847847847848,model_8,1.3509304167617617
1.3238166679570578,1.3511316163689124,1.3778163775460197,7.857857857857858,model_8,1.3516416095095096
1.3245219989753523,1.3518486598757642,1.3785236802791687,7.867867867867868,model_8,1.3523525656156155
1.3252273299936466,1.3525578930923428,1.3792309830123177,7.877877877877878,model_8,1.3530633277827828
1.325932661011941,1.3532739649332926,1.379938285745467,7.887887887887888,model_8,1.353773876971972
1.3266379920302356,1.353984169815773,1.380645588478616,7.897897897897898,model_8,1.3544841575435436
1.32734332304853,1.3546979037671698,1.381352891211765,7.907907907907908,model_8,1.3551942316776775
1.3280486540668244,1.3554099712607428,1.3820601939449142,7.917917917917918,model_8,1.3559041210230232
1.3287539850851189,1.3561173980998824,1.3827674966780632,7.927927927927928,model_8,1.3566137403783782
1.3294593161034134,1.3568437063771712,1.3834747994112124,7.937937937937938,model_8,1.3573231346216217
1.3301646471217077,1.35757001465446,1.3841821021443614,7.947947947947948,model_8,1.3580323397307308
1.3308699781400022,1.3582963229317486,1.3848894048775104,7.957957957957958,model_8,1.3587413198858858
1.3315753091582967,1.3590174264443475,1.3855967076106597,7.967967967967968,model_8,1.3594500422602602
1.3322806401765912,1.3597287202476827,1.3863040103438087,7.977977977977978,model_8,1.360158564134134
1.3329859711948857,1.3604422394810507,1.387011313076958,7.987987987987988,model_8,1.3608669032372371
1.33369130221318,1.3611557587144185,1.387718615810107,7.997997997997998,model_8,1.3615749576016016
1.3343966332314745,1.3618692779477866,1.3884259185432561,8.008008008008009,model_8,1.3622828006446448
1.3351022263905943,1.3625827971811544,1.3891332212764052,8.018018018018019,model_8,1.3629904597207207
1.3358087279856403,1.3632963164145224,1.3898405240095542,8.028028028028029,model_8,1.3636978784314315
1.3365152295806866,1.3640098356478905,1.3905478267427034,8.038038038038039,model_8,1.364405053886887
1.3372217311757328,1.3647082868734937,1.3912551294758524,8.048048048048049,model_8,1.3651120355405406
1.3379282327707789,1.365404791462257,1.3919672335401583,8.058058058058059,model_8,1.3658188195195196
1.3386347343658251,1.3661075219649308,1.3926820132730495,8.068068068068069,model_8,1.3665253286766768
1.3393412359608714,1.36681350502219,1.3933967930059408,8.078078078078079,model_8,1.367231634915916
1.3400477375559177,1.3675194811733788,1.394111572738832,8.088088088088089,model_8,1.3679377597927929
1.3407542391509637,1.3682457307114209,1.3948263524717233,8.098098098098099,model_8,1.3686436247557558
1.34146074074601,1.3689600754117914,1.3955411322046145,8.108108108108109,model_8,1.369349263864865
1.3421672423410562,1.3696745985694716,1.3962559119375058,8.118118118118119,model_8,1.3700547163373376
1.3428737439361023,1.3703928152295033,1.396970691670397,8.128128128128129,model_8,1.3707599502472474
1.3435802455311485,1.371111031889535,1.3976854714032882,8.138138138138139,model_8,1.3714649274054054
1.3442867471261948,1.3718291024419416,1.3984002511361795,8.148148148148149,model_8,1.3721697094814815
1.3449932487212408,1.3725474652095984,1.3991150308690707,8.158158158158159,model_8,1.3728743121991993
1.345699750316287,1.373257047282388,1.399889990735621,8.168168168168169,model_8,1.3735786301891892
1.3464062519113333,1.373954171641349,1.4006611455526614,8.178178178178179,model_8,1.3742827442432433
1.3471127535063794,1.3746512960003099,1.4013769993766982,8.188188188188189,model_8,1.3749866787557559
1.3478192551014256,1.3753593758358846,1.4020928532007348,8.198198198198199,model_8,1.3756903691441442
1.348525756696472,1.3760735433133058,1.4028087070247717,8.208208208208209,model_8,1.3763938256406405
1.3492322582915182,1.376787710790727,1.4035245608488085,8.218218218218219,model_8,1.3770970947717718
1.3499387598865642,1.377501878268148,1.404240414672845,8.228228228228229,model_8,1.3778001583933934
1.3506452614816105,1.3782139738255856,1.404956268496882,8.238238238238239,model_8,1.3785029586916917
1.3513517630766567,1.3789166905505406,1.4056721223209185,8.248248248248249,model_8,1.3792055644494496
1.352058264671703,1.379623519743551,1.4063879761449554,8.258258258258259,model_8,1.3799079928528528
1.352764766266749,1.3803313330846678,1.4071038299689922,8.268268268268269,model_8,1.3806101471631633
1.3534712678617953,1.3810314941099209,1.4078196837930288,8.278278278278279,model_8,1.3813120938068069
1.3541777694568415,1.3817525339330865,1.4085355376170656,8.288288288288289,model_8,1.3820138610180182
1.3548842710518876,1.3824798894165962,1.4092513914411022,8.298298298298299,model_8,1.3827153927867868
1.3555907726469338,1.3832072449001063,1.4099989123557037,8.308308308308309,model_8,1.383416687031031
1.35629727424198,1.3839278268128012,1.4107240171267796,8.318318318318319,model_8,1.3841177957147148
1.3570054807360683,1.3846334368211868,1.4114322753975737,8.328328328328329,model_8,1.384818705728729
1.3577181863004704,1.3853390468295728,1.4121405336683677,8.338338338338339,model_8,1.3855193497987988
1.3584453193149937,1.3860446568379583,1.4128487919391617,8.348348348348349,model_8,1.3862198013003002
1.359154628245332,1.3867502668463438,1.4135570502099557,8.358358358358359,model_8,1.3869200782872873
1.359843278744397,1.3874558768547294,1.4142653084807497,8.368368368368369,model_8,1.387620083852853
1.3605362838122572,1.3881614868631154,1.4149735667515437,8.378378378378379,model_8,1.3883198834594594
1.3612427854073033,1.3888919715627583,1.4156818250223377,8.388388388388389,model_8,1.3890195062702702
1.3619574043840823,1.3895988977758118,1.4163900832931318,8.398398398398399,model_8,1.3897188934244245
1.3626751402786352,1.3903101965816214,1.4170983415639258,8.408408408408409,model_8,1.3904180473783783
1.3633928761731882,1.3910183187917853,1.4178065998347198,8.418418418418419,model_8,1.391117018015015
1.364110612067741,1.3917202089248386,1.4185148581055138,8.428428428428429,model_8,1.3918157881751752
1.364795775681033,1.3924465172021274,1.4192231163763074,8.438438438438439,model_8,1.3925142972312312
1.3654817949775806,1.3931589787673495,1.4199313746471014,8.448448448448449,model_8,1.3932126175395396
1.3661882965726266,1.3938574144889329,1.4206396329178954,8.458458458458459,model_8,1.3939107661931933
1.366894798167673,1.3945679622078098,1.4213478911886894,8.468468468468469,model_8,1.3946086376486486
1.3676012997627192,1.3952803167290548,1.4220561494594834,8.478478478478479,model_8,1.3953063108618617
1.3683078013577654,1.3959877732287076,1.4227644077302775,8.488488488488489,model_8,1.3960038113543543
1.3690143029528115,1.396673318537429,1.4234726660010715,8.498498498498499,model_8,1.3967010691171171
1.3697208045478577,1.3973588638461503,1.4241809242718655,8.508508508508509,model_8,1.3973981028508509
1.370427306142904,1.3980663620977154,1.4248891825426595,8.518518518518519,model_8,1.3980949581851854
1.37113380773795,1.3987934951122385,1.4255974408134535,8.528528528528529,model_8,1.3987916029459462
1.3718403093329963,1.3995031484803102,1.4263056990842475,8.538538538538539,model_8,1.399487997825826
1.3725468109280425,1.4001954854728615,1.4270139573550416,8.548548548548549,model_8,1.400184209003003
1.3732533125230886,1.4009057740554398,1.4277222156258356,8.558558558558559,model_8,1.4008802437027028
1.3739590095676124,1.4016276864032937,1.4284304738966296,8.568568568568569,model_8,1.4015760007957958
1.3746417358263068,1.4023495987511476,1.4291387321674236,8.578578578578579,model_8,1.4022715705325326
1.3753244620850011,1.4030715110990013,1.4298469904382176,8.588588588588589,model_8,1.40296697178979
1.376011163310847,1.4037765003386318,1.4305552487090112,8.598598598598599,model_8,1.4036621135655658
1.3767164943291414,1.4044850156823085,1.4312635069798052,8.608608608608609,model_8,1.40435704793994
1.377421825347436,1.405204445239852,1.4319717652505992,8.618618618618619,model_8,1.4050518091921924
1.3781271563657305,1.4059238747973952,1.4326800235213932,8.62862862862863,model_8,1.4057463432942943
1.3788324873840248,1.40662991172651,1.4333882817921872,8.63863863863864,model_8,1.4064406443793793
1.3795378184023193,1.407334269866676,1.4340965400629813,8.64864864864865,model_8,1.4071347692162162
1.3802431494206138,1.4080386280068422,1.4348047983337753,8.65865865865866,model_8,1.4078286964134135
1.3809484804389083,1.4087429861470084,1.4355130566045693,8.66866866866867,model_8,1.4085223657267267
1.3816538114572026,1.4094416912071785,1.4362213148753633,8.67867867867868,model_8,1.4092158552942944
1.382359142475497,1.4101410981558562,1.4369295731461573,8.68868868868869,model_8,1.4099091776606607
1.3830644734937916,1.410856060567507,1.4376378314169513,8.6986986986987,model_8,1.4106022178698698
1.3837698045120859,1.4115604187076731,1.4383460896877454,8.70870870870871,model_8,1.4112950734354355
1.3844751355303804,1.4122783948803896,1.4390543479585394,8.71871871871872,model_8,1.4119877634104103
1.3851804665486749,1.412987721096831,1.4397626062293334,8.72872872872873,model_8,1.412680199894895
1.3858857975669694,1.4137167486219981,1.440470864500127,8.73873873873874,model_8,1.4133724283963964
1.3865911285852637,1.4144308559870082,1.441179122770921,8.74874874874875,model_8,1.4140644872452452
1.3872964596035582,1.415134460169026,1.441887381041715,8.75875875875876,model_8,1.4147563212042042
1.3880017906218527,1.415837176893981,1.442595639312509,8.76876876876877,model_8,1.4154479243273275
1.3887071216401472,1.416539893618936,1.443303897583303,8.77877877877878,model_8,1.4161393549299301
1.3894124526584415,1.417259296355348,1.4440234913295513,8.78878878878879,model_8,1.416830587806807
1.390117783676736,1.4179896054755712,1.4447471178197913,8.7987987987988,model_8,1.4175215672462462
1.3908231146950305,1.4187026053397203,1.4454707443100312,8.80880880880881,model_8,1.4182123707297296
1.391528445713325,1.4193675588598318,1.4461943708002714,8.81881881881882,model_8,1.4189030037117116
1.3922337767316193,1.420077062549154,1.4469179972905113,8.82882882882883,model_8,1.4195933602882884
1.3929391077499138,1.4207924991652816,1.4476416237807512,8.83883883883884,model_8,1.4202835385375374
1.3936444387682083,1.4215177843995415,1.4483652502709912,8.84884884884885,model_8,1.4209735534604606
1.3943497697865026,1.4222268634227397,1.4491381202991573,8.85885885885886,model_8,1.4216633067237239
1.395055100804797,1.422944045551469,1.4499834936072762,8.86886886886887,model_8,1.4223528643713714
1.3957604318230916,1.4236612276801983,1.450828866915395,8.87887887887888,model_8,1.42304225707007
1.3964657628413861,1.424371972069661,1.4516742402235139,8.88888888888889,model_8,1.4237314136666668
1.3971710938596806,1.4250878603011645,1.452519613531633,8.8988988988989,model_8,1.4244203532492492
1.397876424877975,1.425793305197789,1.4533649868397516,8.90890890890891,model_8,1.425109124840841
1.3985817558962694,1.4265016895252487,1.4541093327488246,8.91891891891892,model_8,1.425797685945946
1.399287086914564,1.4272051578625813,1.4548245160113382,8.92892892892893,model_8,1.4264860091891893
1.3999924179328582,1.4279164912617328,1.4555396992738516,8.93893893893894,model_8,1.427174161675676
1.4006977489511527,1.4286320326883994,1.456254882536365,8.94894894894895,model_8,1.4278621285705708
1.4014030799694472,1.4293410146680527,1.4569700657988784,8.95895895895896,model_8,1.4285498363133133
1.4021084109877417,1.430050176534075,1.4576852490613919,8.96896896896897,model_8,1.4292373724894893
1.402813742006036,1.430763642489115,1.4584004323239055,8.97897897897898,model_8,1.4299247456516517
1.4035190730243305,1.4314731152626088,1.459115615586419,8.98898898898899,model_8,1.4306118404284283
1.404224404042625,1.432184186498968,1.4598307988489323,8.998998998999,model_8,1.4312987615095094
1.4049297350609193,1.4328963702607218,1.4605415702619746,9.00900900900901,model_8,1.4319855222702704
1.4056350660792138,1.4336015335830903,1.4612685211667094,9.01901901901902,model_8,1.4326720235015016
1.4063403970975084,1.4343056815862922,1.4620925857231268,9.02902902902903,model_8,1.4333583336476476
1.4070457281158029,1.435008166393273,1.4628024031730302,9.03903903903904,model_8,1.4340444822192193
1.4077510591340971,1.4357280803930075,1.463502220866766,9.04904904904905,model_8,1.4347303927457458
1.4084563901523917,1.4364394246770655,1.4642066357950199,9.05905905905906,model_8,1.435416093016016
1.4091617211706862,1.437146576365408,1.4649198670540218,9.06906906906907,model_8,1.4361016313123123
1.4098670521889805,1.4378513936852682,1.4656330983130237,9.07907907907908,model_8,1.4367869523723724
1.410572383207275,1.438556801733322,1.4663465477161521,9.08908908908909,model_8,1.4374720454414414
1.4112777142255695,1.439259408868347,1.467062571195528,9.0990990990991,model_8,1.4381569746576577
1.411983045243864,1.4399794312185157,1.467778594674904,9.10910910910911,model_8,1.4388417073903903
1.4126883762621585,1.4406962613180283,1.46849461815428,9.11911911911912,model_8,1.439526195039039
1.4133937072804528,1.441405734091522,1.469210641633656,9.12912912912913,model_8,1.4402105162642642
1.4140990382987473,1.4421253980533115,1.4699266651130323,9.13913913913914,model_8,1.4408946627227228
1.4148043693170418,1.4428566402642125,1.4706426885924082,9.14914914914915,model_8,1.441578545911912
1.415509700335336,1.4435730407032037,1.4713587120717841,9.15915915915916,model_8,1.442262261972973
1.4162150313536306,1.444279321457607,1.47207473555116,9.16916916916917,model_8,1.4429458216366366
1.416920362371925,1.4449856022120104,1.4727907590305365,9.17917917917918,model_8,1.4436291029049049
1.4176256933902196,1.4456918829664134,1.4735067825099124,9.18918918918919,model_8,1.444312215891892
1.4183310244085139,1.4464047258516328,1.4742228059892883,9.1991991991992,model_8,1.4449951724844845
1.4190273718248259,1.4471236076863119,1.4749388294686643,9.20920920920921,model_8,1.4456778696216215
1.419731021192602,1.447842489520991,1.4756548529480402,9.21921921921922,model_8,1.446360382117117
1.4204450685626624,1.4485435964284754,1.4763668746576735,9.22922922922923,model_8,1.4470427384854854
1.4211471702788907,1.4492337596388178,1.4770741773908225,9.23923923923924,model_8,1.4477248518488488
1.4218479789788099,1.4499406332767955,1.4777814801239717,9.24924924924925,model_8,1.4484067655825825
1.422548787678729,1.4506244143636504,1.4784887828571207,9.25925925925926,model_8,1.449088522814815
1.4232495963786482,1.4513251868241546,1.4791960855902697,9.26926926926927,model_8,1.4497700544404404
1.4239504050785674,1.4520114719373338,1.479903388323419,9.27927927927928,model_8,1.4504513713063063
1.4246512137784866,1.4526977570505133,1.480610691056568,9.28928928928929,model_8,1.4511325304814815
1.4253520224784058,1.4533998935526657,1.4813179937897172,9.2992992992993,model_8,1.4518134805545544
1.426052831178325,1.4541203733129016,1.4820252965228662,9.30930930930931,model_8,1.4524942023063063
1.4267536398782439,1.454822186674701,1.4827325992560152,9.31931931931932,model_8,1.4531747663583583
1.427454448578163,1.4555328628677857,1.4834399019891642,9.32932932932933,model_8,1.453855137057057
1.4281552572780822,1.456252559116155,1.4841472047223134,9.33933933933934,model_8,1.4545352656006005
1.4288560659780014,1.456971370899447,1.4848545074554624,9.34934934934935,model_8,1.4552152346676677
1.4295568746779206,1.4576793124118228,1.4855618101886117,9.35935935935936,model_8,1.4558950270300302
1.4302576833778395,1.4583948496111452,1.4862691129217607,9.36936936936937,model_8,1.4565745632702705
1.4309584920777587,1.459095943881519,1.4869764156549097,9.37937937937938,model_8,1.4572539402232232
1.431659300777678,1.4598030770117294,1.487683718388059,9.38938938938939,model_8,1.4579331554824826
1.432360109477597,1.4605193310791402,1.488391021121208,9.3993993993994,model_8,1.4586121012642643
1.4330609181775162,1.4612355851465508,1.4890983238543571,9.40940940940941,model_8,1.4592908871701702
1.4337617268774354,1.4619518392139617,1.4898056265875061,9.41941941941942,model_8,1.4599695226556557
1.43446664001784,1.4626680932813725,1.4905129293206552,9.42942942942943,model_8,1.4606478824294293
1.435183497595788,1.4633843473487833,1.4912202320538044,9.43943943943944,model_8,1.4613260804054056
1.435900355173736,1.4641006014161941,1.4919275347869534,9.44944944944945,model_8,1.462004127852853
1.4366172127516839,1.4648168554836047,1.4926386925191153,9.45945945945946,model_8,1.4626819124324324
1.4373340703296318,1.4655278083903114,1.493360186993501,9.46946946946947,model_8,1.463359524062062
1.4380509279075797,1.4662372811638054,1.4940892392554277,9.47947947947948,model_8,1.4640369854204203
1.4387677854855276,1.466944810432307,1.4948182915173545,9.48948948948949,model_8,1.4647141959429428
1.4394846430634756,1.4676443440365508,1.4955472245772077,9.4994994994995,model_8,1.4653912230990993
1.4401962859756419,1.4683458120309834,1.4962743575917306,9.50950950950951,model_8,1.4660680994254254
1.4409016169939364,1.4690566631651163,1.4969799954984173,9.51951951951952,model_8,1.46674473696997
1.4416069480122307,1.469772378736311,1.4976847653216065,9.52952952952953,model_8,1.4674211805815818
1.4423122790305252,1.4704763155748295,1.4984193281360878,9.53953953953954,model_8,1.4680974738308308
1.4430176100488197,1.4711802524133482,1.499192605088915,9.54954954954955,model_8,1.4687735404774775
1.4437229410671142,1.4718841892518668,1.499910022664346,9.55955955955956,model_8,1.4694494024744744
1.4444282720854087,1.4725881260903853,1.5006371556788691,9.56956956956957,model_8,1.4701251146546548
1.445133603103703,1.4732920629289037,1.5013642886933922,9.57957957957958,model_8,1.4708006105675675
1.4458389341219975,1.4739959997674223,1.5020914217079153,9.58958958958959,model_8,1.4714758927957958
1.446544265140292,1.4747103487718025,1.5028185547224384,9.5995995995996,model_8,1.472151024954955
1.4472495961585863,1.4754274578211888,1.5035456877369615,9.60960960960961,model_8,1.4728259512012012
1.4479549271768808,1.4761542507564562,1.5042728207514846,9.61961961961962,model_8,1.4735006555635637
1.4486602581951753,1.4768715556298446,1.5049999537660077,9.62962962962963,model_8,1.4741752097037037
1.4493229537413166,1.4775796945211335,1.5057270867805308,9.63963963963964,model_8,1.4748495673873874
1.4500364180598275,1.4782658875973602,1.50644386256121,9.64964964964965,model_8,1.475523694830831
1.4507156226422906,1.4789520806735867,1.507159886040586,9.65965965965966,model_8,1.4761976729189188
1.451423566830758,1.4796493141458633,1.5078759095199623,9.66966966966967,model_8,1.4768714621681682
1.4521315110192252,1.4803723422170108,1.5085919329993382,9.67967967967968,model_8,1.4775450155425425
1.4528394552076929,1.4810953702881582,1.5093079564787142,9.68968968968969,model_8,1.4782184196186188
1.45354739939616,1.4818060936810014,1.5100239799580901,9.6996996996997,model_8,1.4788916424834835
1.4542553435846275,1.4825195953070538,1.5107400034374665,9.70970970970971,model_8,1.479564621812813
1.454963287773095,1.4832330969331062,1.5114560269168424,9.71971971971972,model_8,1.480237452848849
1.4556712319615623,1.4839373185189089,1.5121720503962184,9.72972972972973,model_8,1.4809101103783784
1.4563791761500298,1.484637628935784,1.5128880738755943,9.73973973973974,model_8,1.4815825175895896
1.4570871203384972,1.4853384243092633,1.513680742160755,9.74974974974975,model_8,1.4822547775935937
1.4577883315301585,1.4860429542642812,1.5143907843125857,9.75975975975976,model_8,1.482926870861862
1.458487865134402,1.4867679263228535,1.5151008264644166,9.76976976976977,model_8,1.4835987078908908
1.4591873987386457,1.4874928983814255,1.5158108686162473,9.77977977977978,model_8,1.484270398870871
1.4598869323428891,1.4882178704399978,1.5165867744802388,9.78978978978979,model_8,1.484941927963964
1.4605864659471328,1.4889428424985698,1.5172986707402902,9.7997997997998,model_8,1.4856131967347348
1.4612859995513763,1.489667814557142,1.5180105670003416,9.80980980980981,model_8,1.4862843197177178
1.4620010777739765,1.4903881115475182,1.518722463260393,9.81981981981982,model_8,1.4869552866486486
1.4627196889351755,1.4911096421094825,1.5194343595204447,9.82982982982983,model_8,1.4876259881561562
1.4634383000963749,1.4918427307328586,1.5201462557804961,9.83983983983984,model_8,1.4882965451271273
1.4641569112575739,1.4925677027914308,1.5208581520405475,9.84984984984985,model_8,1.488966950948949
1.464868612092009,1.493292674850003,1.521570048300599,9.85985985985986,model_8,1.48963708715015
1.4655622797002708,1.4940044367297887,1.5222819445606504,9.86986986986987,model_8,1.4903070791301303
1.4662559473085328,1.4946970922753684,1.5230643795928769,9.87987987987988,model_8,1.4909769238858859
1.4669496149167949,1.4953897478209484,1.5237879480888168,9.88988988988989,model_8,1.4916464967347347
1.4676432825250567,1.4961148174117644,1.5244800203598732,9.8998998998999,model_8,1.4923159267157158
1.4683369501333188,1.496829394272545,1.5251617601967806,9.90990990990991,model_8,1.4929852114504505
1.4690306177415808,1.4975408280303633,1.525843500033688,9.91991991991992,model_8,1.4936542219359359
1.469724285349843,1.498229239735359,1.526553322120959,9.92992992992993,model_8,1.494323090924925
1.470417952958105,1.49893013270626,1.5272652183810105,9.93993993993994,model_8,1.4949918176456456
1.4711116205663668,1.4996391395540765,1.527977114641062,9.94994994994995,model_8,1.4956602677577577
1.4718052881746289,1.5003533070314976,1.5286890109011133,9.95995995995996,model_8,1.4963285767667667
1.472498955782891,1.5010674745089188,1.5294114171778677,9.96996996996997,model_8,1.4969967454954953
1.4731926233911528,1.5017790066164924,1.5301350436681076,9.97997997997998,model_8,1.497664637218218
1.4738753426483926,1.5024837764396817,1.5308586701583475,9.98998998998999,model_8,1.4983323882492494
1.4745578130091852,1.5031885462628707,1.5315822966485875,10,model_8,1.499
